-5
-4.998
-4.996
-4.994
-4.992
-4.99
-4.988
-4.986
-4.984
-4.982
-4.98
-4.978
-4.976
-4.974
-4.972
-4.97
-4.968
-4.966
-4.964
-4.962
-4.96
-4.958
-4.956
-4.954
-4.952
-4.95
-4.948
-4.946
-4.944
-4.942
-4.94
-4.938
-4.936
-4.934
-4.932
-4.93
-4.928
-4.926
-4.924
-4.922
-4.92
-4.918
-4.916
-4.914
-4.912
-4.91
-4.908
-4.906
-4.904
-4.902
-4.9
-4.898
-4.896
-4.894
-4.892
-4.89
-4.888
-4.886
-4.884
-4.882
-4.88
-4.878
-4.876
-4.874
-4.872
-4.87
-4.868
-4.866
-4.864
-4.862
-4.86
-4.858
-4.856
-4.854
-4.852
-4.85
-4.848
-4.846
-4.844
-4.842
-4.84
-4.838
-4.836
-4.834
-4.832
-4.83
-4.828
-4.826
-4.824
-4.822
-4.82
-4.818
-4.816
-4.814
-4.812
-4.81
-4.808
-4.806
-4.804
-4.802
-4.8
-4.798
-4.796
-4.794
-4.792
-4.79
-4.788
-4.786
-4.784
-4.782
-4.78
-4.778
-4.776
-4.774
-4.772
-4.77
-4.768
-4.766
-4.764
-4.762
-4.76
-4.758
-4.756
-4.754
-4.752
-4.75
-4.748
-4.746
-4.744
-4.742
-4.74
-4.738
-4.736
-4.734
-4.732
-4.73
-4.728
-4.726
-4.724
-4.722
-4.72
-4.718
-4.716
-4.714
-4.712
-4.71
-4.708
-4.706
-4.704
-4.702
-4.7
-4.698
-4.696
-4.694
-4.692
-4.69
-4.688
-4.686
-4.684
-4.682
-4.68
-4.678
-4.676
-4.674
-4.672
-4.67
-4.668
-4.666
-4.664
-4.662
-4.66
-4.658
-4.656
-4.654
-4.652
-4.65
-4.648
-4.646
-4.644
-4.642
-4.64
-4.638
-4.636
-4.634
-4.632
-4.63
-4.628
-4.626
-4.624
-4.622
-4.62
-4.618
-4.616
-4.614
-4.612
-4.61
-4.608
-4.606
-4.604
-4.602
-4.6
-4.598
-4.596
-4.594
-4.592
-4.59
-4.588
-4.586
-4.584
-4.582
-4.58
-4.578
-4.576
-4.574
-4.572
-4.57
-4.568
-4.566
-4.564
-4.562
-4.56
-4.558
-4.556
-4.554
-4.552
-4.55
-4.548
-4.546
-4.544
-4.542
-4.54
-4.538
-4.536
-4.534
-4.532
-4.53
-4.528
-4.526
-4.524
-4.522
-4.52
-4.518
-4.516
-4.514
-4.512
-4.51
-4.508
-4.506
-4.504
-4.502
-4.5
-4.498
-4.496
-4.494
-4.492
-4.49
-4.488
-4.486
-4.484
-4.482
-4.48
-4.478
-4.476
-4.474
-4.472
-4.47
-4.468
-4.466
-4.464
-4.462
-4.46
-4.458
-4.456
-4.454
-4.452
-4.45
-4.448
-4.446
-4.444
-4.442
-4.44
-4.438
-4.436
-4.434
-4.432
-4.43
-4.428
-4.426
-4.424
-4.422
-4.42
-4.418
-4.416
-4.414
-4.412
-4.41
-4.408
-4.406
-4.404
-4.402
-4.4
-4.398
-4.396
-4.394
-4.392
-4.39
-4.388
-4.386
-4.384
-4.382
-4.38
-4.378
-4.376
-4.374
-4.372
-4.37
-4.368
-4.366
-4.364
-4.362
-4.36
-4.358
-4.356
-4.354
-4.352
-4.35
-4.348
-4.346
-4.344
-4.342
-4.34
-4.338
-4.336
-4.334
-4.332
-4.33
-4.328
-4.326
-4.324
-4.322
-4.32
-4.318
-4.316
-4.314
-4.312
-4.31
-4.308
-4.306
-4.304
-4.302
-4.3
-4.298
-4.296
-4.294
-4.292
-4.29
-4.288
-4.286
-4.284
-4.282
-4.28
-4.278
-4.276
-4.274
-4.272
-4.27
-4.268
-4.266
-4.264
-4.262
-4.26
-4.258
-4.256
-4.254
-4.252
-4.25
-4.248
-4.246
-4.244
-4.242
-4.24
-4.238
-4.236
-4.234
-4.232
-4.23
-4.228
-4.226
-4.224
-4.222
-4.22
-4.218
-4.216
-4.214
-4.212
-4.21
-4.208
-4.206
-4.204
-4.202
-4.2
-4.198
-4.196
-4.194
-4.192
-4.19
-4.188
-4.186
-4.184
-4.182
-4.18
-4.178
-4.176
-4.174
-4.172
-4.17
-4.168
-4.166
-4.164
-4.162
-4.16
-4.158
-4.156
-4.154
-4.152
-4.15
-4.148
-4.146
-4.144
-4.142
-4.14
-4.138
-4.136
-4.134
-4.132
-4.13
-4.128
-4.126
-4.124
-4.122
-4.12
-4.118
-4.116
-4.114
-4.112
-4.11
-4.108
-4.106
-4.104
-4.102
-4.1
-4.098
-4.096
-4.094
-4.092
-4.09
-4.088
-4.086
-4.084
-4.082
-4.08
-4.078
-4.076
-4.074
-4.072
-4.07
-4.068
-4.066
-4.064
-4.062
-4.06
-4.058
-4.056
-4.054
-4.052
-4.05
-4.048
-4.046
-4.044
-4.042
-4.04
-4.038
-4.036
-4.034
-4.032
-4.03
-4.028
-4.026
-4.024
-4.022
-4.02
-4.018
-4.016
-4.014
-4.012
-4.01
-4.008
-4.006
-4.004
-4.002
-4
-3.998
-3.996
-3.994
-3.992
-3.99
-3.988
-3.986
-3.984
-3.982
-3.98
-3.978
-3.976
-3.974
-3.972
-3.97
-3.968
-3.966
-3.964
-3.962
-3.96
-3.958
-3.956
-3.954
-3.952
-3.95
-3.948
-3.946
-3.944
-3.942
-3.94
-3.938
-3.936
-3.934
-3.932
-3.93
-3.928
-3.926
-3.924
-3.922
-3.92
-3.918
-3.916
-3.914
-3.912
-3.91
-3.908
-3.906
-3.904
-3.902
-3.9
-3.898
-3.896
-3.894
-3.892
-3.89
-3.888
-3.886
-3.884
-3.882
-3.88
-3.878
-3.876
-3.874
-3.872
-3.87
-3.868
-3.866
-3.864
-3.862
-3.86
-3.858
-3.856
-3.854
-3.852
-3.85
-3.848
-3.846
-3.844
-3.842
-3.84
-3.838
-3.836
-3.834
-3.832
-3.83
-3.828
-3.826
-3.824
-3.822
-3.82
-3.818
-3.816
-3.814
-3.812
-3.81
-3.808
-3.806
-3.804
-3.802
-3.8
-3.798
-3.796
-3.794
-3.792
-3.79
-3.788
-3.786
-3.784
-3.782
-3.78
-3.778
-3.776
-3.774
-3.772
-3.77
-3.768
-3.766
-3.764
-3.762
-3.76
-3.758
-3.756
-3.754
-3.752
-3.75
-3.748
-3.746
-3.744
-3.742
-3.74
-3.738
-3.736
-3.734
-3.732
-3.73
-3.728
-3.726
-3.724
-3.722
-3.72
-3.718
-3.716
-3.714
-3.712
-3.71
-3.708
-3.706
-3.704
-3.702
-3.7
-3.698
-3.696
-3.694
-3.692
-3.69
-3.688
-3.686
-3.684
-3.682
-3.68
-3.678
-3.676
-3.674
-3.672
-3.67
-3.668
-3.666
-3.664
-3.662
-3.66
-3.658
-3.656
-3.654
-3.652
-3.65
-3.648
-3.646
-3.644
-3.642
-3.64
-3.638
-3.636
-3.634
-3.632
-3.63
-3.628
-3.626
-3.624
-3.622
-3.62
-3.618
-3.616
-3.614
-3.612
-3.61
-3.608
-3.606
-3.604
-3.602
-3.6
-3.598
-3.596
-3.594
-3.592
-3.59
-3.588
-3.586
-3.584
-3.582
-3.58
-3.578
-3.576
-3.574
-3.572
-3.57
-3.568
-3.566
-3.564
-3.562
-3.56
-3.558
-3.556
-3.554
-3.552
-3.55
-3.548
-3.546
-3.544
-3.542
-3.54
-3.538
-3.536
-3.534
-3.532
-3.53
-3.528
-3.526
-3.524
-3.522
-3.52
-3.518
-3.516
-3.514
-3.512
-3.51
-3.508
-3.506
-3.504
-3.502
-3.5
-3.498
-3.496
-3.494
-3.492
-3.49
-3.488
-3.486
-3.484
-3.482
-3.48
-3.478
-3.476
-3.474
-3.472
-3.47
-3.468
-3.466
-3.464
-3.462
-3.46
-3.458
-3.456
-3.454
-3.452
-3.45
-3.448
-3.446
-3.444
-3.442
-3.44
-3.438
-3.436
-3.434
-3.432
-3.43
-3.428
-3.426
-3.424
-3.422
-3.42
-3.418
-3.416
-3.414
-3.412
-3.41
-3.408
-3.406
-3.404
-3.402
-3.4
-3.398
-3.396
-3.394
-3.392
-3.39
-3.388
-3.386
-3.384
-3.382
-3.38
-3.378
-3.376
-3.374
-3.372
-3.37
-3.368
-3.366
-3.364
-3.362
-3.36
-3.358
-3.356
-3.354
-3.352
-3.35
-3.348
-3.346
-3.344
-3.342
-3.34
-3.338
-3.336
-3.334
-3.332
-3.33
-3.328
-3.326
-3.324
-3.322
-3.32
-3.318
-3.316
-3.314
-3.312
-3.31
-3.308
-3.306
-3.304
-3.302
-3.3
-3.298
-3.296
-3.294
-3.292
-3.29
-3.288
-3.286
-3.284
-3.282
-3.28
-3.278
-3.276
-3.274
-3.272
-3.27
-3.268
-3.266
-3.264
-3.262
-3.26
-3.258
-3.256
-3.254
-3.252
-3.25
-3.248
-3.246
-3.244
-3.242
-3.24
-3.238
-3.236
-3.234
-3.232
-3.23
-3.228
-3.226
-3.224
-3.222
-3.22
-3.218
-3.216
-3.214
-3.212
-3.21
-3.208
-3.206
-3.204
-3.202
-3.2
-3.198
-3.196
-3.194
-3.192
-3.19
-3.188
-3.186
-3.184
-3.182
-3.18
-3.178
-3.176
-3.174
-3.172
-3.17
-3.168
-3.166
-3.164
-3.162
-3.16
-3.158
-3.156
-3.154
-3.152
-3.15
-3.148
-3.146
-3.144
-3.142
-3.14
-3.138
-3.136
-3.134
-3.132
-3.13
-3.128
-3.126
-3.124
-3.122
-3.12
-3.118
-3.116
-3.114
-3.112
-3.11
-3.108
-3.106
-3.104
-3.102
-3.1
-3.098
-3.096
-3.094
-3.092
-3.09
-3.088
-3.086
-3.084
-3.082
-3.08
-3.078
-3.076
-3.074
-3.072
-3.07
-3.068
-3.066
-3.064
-3.062
-3.06
-3.058
-3.056
-3.054
-3.052
-3.05
-3.048
-3.046
-3.044
-3.042
-3.04
-3.038
-3.036
-3.034
-3.032
-3.03
-3.028
-3.026
-3.024
-3.022
-3.02
-3.018
-3.016
-3.014
-3.012
-3.01
-3.008
-3.006
-3.004
-3.002
-3
-2.998
-2.996
-2.994
-2.992
-2.99
-2.988
-2.986
-2.984
-2.982
-2.98
-2.978
-2.976
-2.974
-2.972
-2.97
-2.968
-2.966
-2.964
-2.962
-2.96
-2.958
-2.956
-2.954
-2.952
-2.95
-2.948
-2.946
-2.944
-2.942
-2.94
-2.938
-2.936
-2.934
-2.932
-2.93
-2.928
-2.926
-2.924
-2.922
-2.92
-2.918
-2.916
-2.914
-2.912
-2.91
-2.908
-2.906
-2.904
-2.902
-2.9
-2.898
-2.896
-2.894
-2.892
-2.89
-2.888
-2.886
-2.884
-2.882
-2.88
-2.878
-2.876
-2.874
-2.872
-2.87
-2.868
-2.866
-2.864
-2.862
-2.86
-2.858
-2.856
-2.854
-2.852
-2.85
-2.848
-2.846
-2.844
-2.842
-2.84
-2.838
-2.836
-2.834
-2.832
-2.83
-2.828
-2.826
-2.824
-2.822
-2.82
-2.818
-2.816
-2.814
-2.812
-2.81
-2.808
-2.806
-2.804
-2.802
-2.8
-2.798
-2.796
-2.794
-2.792
-2.79
-2.788
-2.786
-2.784
-2.782
-2.78
-2.778
-2.776
-2.774
-2.772
-2.77
-2.768
-2.766
-2.764
-2.762
-2.76
-2.758
-2.756
-2.754
-2.752
-2.75
-2.748
-2.746
-2.744
-2.742
-2.74
-2.738
-2.736
-2.734
-2.732
-2.73
-2.728
-2.726
-2.724
-2.722
-2.72
-2.718
-2.716
-2.714
-2.712
-2.71
-2.708
-2.706
-2.704
-2.702
-2.7
-2.698
-2.696
-2.694
-2.692
-2.69
-2.688
-2.686
-2.684
-2.682
-2.68
-2.678
-2.676
-2.674
-2.672
-2.67
-2.668
-2.666
-2.664
-2.662
-2.66
-2.658
-2.656
-2.654
-2.652
-2.65
-2.648
-2.646
-2.644
-2.642
-2.64
-2.638
-2.636
-2.634
-2.632
-2.63
-2.628
-2.626
-2.624
-2.622
-2.62
-2.618
-2.616
-2.614
-2.612
-2.61
-2.608
-2.606
-2.604
-2.602
-2.6
-2.598
-2.596
-2.594
-2.592
-2.59
-2.588
-2.586
-2.584
-2.582
-2.58
-2.578
-2.576
-2.574
-2.572
-2.57
-2.568
-2.566
-2.564
-2.562
-2.56
-2.558
-2.556
-2.554
-2.552
-2.55
-2.548
-2.546
-2.544
-2.542
-2.54
-2.538
-2.536
-2.534
-2.532
-2.53
-2.528
-2.526
-2.524
-2.522
-2.52
-2.518
-2.516
-2.514
-2.512
-2.51
-2.508
-2.506
-2.504
-2.502
-2.5
-2.498
-2.496
-2.494
-2.492
-2.49
-2.488
-2.486
-2.484
-2.482
-2.48
-2.478
-2.476
-2.474
-2.472
-2.47
-2.468
-2.466
-2.464
-2.462
-2.46
-2.458
-2.456
-2.454
-2.452
-2.45
-2.448
-2.446
-2.444
-2.442
-2.44
-2.438
-2.436
-2.434
-2.432
-2.43
-2.428
-2.426
-2.424
-2.422
-2.42
-2.418
-2.416
-2.414
-2.412
-2.41
-2.408
-2.406
-2.404
-2.402
-2.4
-2.398
-2.396
-2.394
-2.392
-2.39
-2.388
-2.386
-2.384
-2.382
-2.38
-2.378
-2.376
-2.374
-2.372
-2.37
-2.368
-2.366
-2.364
-2.362
-2.36
-2.358
-2.356
-2.354
-2.352
-2.35
-2.348
-2.346
-2.344
-2.342
-2.34
-2.338
-2.336
-2.334
-2.332
-2.33
-2.328
-2.326
-2.324
-2.322
-2.32
-2.318
-2.316
-2.314
-2.312
-2.31
-2.308
-2.306
-2.304
-2.302
-2.3
-2.298
-2.296
-2.294
-2.292
-2.29
-2.288
-2.286
-2.284
-2.282
-2.28
-2.278
-2.276
-2.274
-2.272
-2.27
-2.268
-2.266
-2.264
-2.262
-2.26
-2.258
-2.256
-2.254
-2.252
-2.25
-2.248
-2.246
-2.244
-2.242
-2.24
-2.238
-2.236
-2.234
-2.232
-2.23
-2.228
-2.226
-2.224
-2.222
-2.22
-2.218
-2.216
-2.214
-2.212
-2.21
-2.208
-2.206
-2.204
-2.202
-2.2
-2.198
-2.196
-2.194
-2.192
-2.19
-2.188
-2.186
-2.184
-2.182
-2.18
-2.178
-2.176
-2.174
-2.172
-2.17
-2.168
-2.166
-2.164
-2.162
-2.16
-2.158
-2.156
-2.154
-2.152
-2.15
-2.148
-2.146
-2.144
-2.142
-2.14
-2.138
-2.136
-2.134
-2.132
-2.13
-2.128
-2.126
-2.124
-2.122
-2.12
-2.118
-2.116
-2.114
-2.112
-2.11
-2.108
-2.106
-2.104
-2.102
-2.1
-2.098
-2.096
-2.094
-2.092
-2.09
-2.088
-2.086
-2.084
-2.082
-2.08
-2.078
-2.076
-2.074
-2.072
-2.07
-2.068
-2.066
-2.064
-2.062
-2.06
-2.058
-2.056
-2.054
-2.052
-2.05
-2.048
-2.046
-2.044
-2.042
-2.04
-2.038
-2.036
-2.034
-2.032
-2.03
-2.028
-2.026
-2.024
-2.022
-2.02
-2.018
-2.016
-2.014
-2.012
-2.01
-2.008
-2.006
-2.004
-2.002
-2
-1.998
-1.996
-1.994
-1.992
-1.99
-1.988
-1.986
-1.984
-1.982
-1.98
-1.978
-1.976
-1.974
-1.972
-1.97
-1.968
-1.966
-1.964
-1.962
-1.96
-1.958
-1.956
-1.954
-1.952
-1.95
-1.948
-1.946
-1.944
-1.942
-1.94
-1.938
-1.936
-1.934
-1.932
-1.93
-1.928
-1.926
-1.924
-1.922
-1.92
-1.918
-1.916
-1.914
-1.912
-1.91
-1.908
-1.906
-1.904
-1.902
-1.9
-1.898
-1.896
-1.894
-1.892
-1.89
-1.888
-1.886
-1.884
-1.882
-1.88
-1.878
-1.876
-1.874
-1.872
-1.87
-1.868
-1.866
-1.864
-1.862
-1.86
-1.858
-1.856
-1.854
-1.852
-1.85
-1.848
-1.846
-1.844
-1.842
-1.84
-1.838
-1.836
-1.834
-1.832
-1.83
-1.828
-1.826
-1.824
-1.822
-1.82
-1.818
-1.816
-1.814
-1.812
-1.81
-1.808
-1.806
-1.804
-1.802
-1.8
-1.798
-1.796
-1.794
-1.792
-1.79
-1.788
-1.786
-1.784
-1.782
-1.78
-1.778
-1.776
-1.774
-1.772
-1.77
-1.768
-1.766
-1.764
-1.762
-1.76
-1.758
-1.756
-1.754
-1.752
-1.75
-1.748
-1.746
-1.744
-1.742
-1.74
-1.738
-1.736
-1.734
-1.732
-1.73
-1.728
-1.726
-1.724
-1.722
-1.72
-1.718
-1.716
-1.714
-1.712
-1.71
-1.708
-1.706
-1.704
-1.702
-1.7
-1.698
-1.696
-1.694
-1.692
-1.69
-1.688
-1.686
-1.684
-1.682
-1.68
-1.678
-1.676
-1.674
-1.672
-1.67
-1.668
-1.666
-1.664
-1.662
-1.66
-1.658
-1.656
-1.654
-1.652
-1.65
-1.648
-1.646
-1.644
-1.642
-1.64
-1.638
-1.636
-1.634
-1.632
-1.63
-1.628
-1.626
-1.624
-1.622
-1.62
-1.618
-1.616
-1.614
-1.612
-1.61
-1.608
-1.606
-1.604
-1.602
-1.6
-1.598
-1.596
-1.594
-1.592
-1.59
-1.588
-1.586
-1.584
-1.582
-1.58
-1.578
-1.576
-1.574
-1.572
-1.57
-1.568
-1.566
-1.564
-1.562
-1.56
-1.558
-1.556
-1.554
-1.552
-1.55
-1.548
-1.546
-1.544
-1.542
-1.54
-1.538
-1.536
-1.534
-1.532
-1.53
-1.528
-1.526
-1.524
-1.522
-1.52
-1.518
-1.516
-1.514
-1.512
-1.51
-1.508
-1.506
-1.504
-1.502
-1.5
-1.498
-1.496
-1.494
-1.492
-1.49
-1.488
-1.486
-1.484
-1.482
-1.48
-1.478
-1.476
-1.474
-1.472
-1.47
-1.468
-1.466
-1.464
-1.462
-1.46
-1.458
-1.456
-1.454
-1.452
-1.45
-1.448
-1.446
-1.444
-1.442
-1.44
-1.438
-1.436
-1.434
-1.432
-1.43
-1.428
-1.426
-1.424
-1.422
-1.42
-1.418
-1.416
-1.414
-1.412
-1.41
-1.408
-1.406
-1.404
-1.402
-1.4
-1.398
-1.396
-1.394
-1.392
-1.39
-1.388
-1.386
-1.384
-1.382
-1.38
-1.378
-1.376
-1.374
-1.372
-1.37
-1.368
-1.366
-1.364
-1.362
-1.36
-1.358
-1.356
-1.354
-1.352
-1.35
-1.348
-1.346
-1.344
-1.342
-1.34
-1.338
-1.336
-1.334
-1.332
-1.33
-1.328
-1.326
-1.324
-1.322
-1.32
-1.318
-1.316
-1.314
-1.312
-1.31
-1.308
-1.306
-1.304
-1.302
-1.3
-1.298
-1.296
-1.294
-1.292
-1.29
-1.288
-1.286
-1.284
-1.282
-1.28
-1.278
-1.276
-1.274
-1.272
-1.27
-1.268
-1.266
-1.264
-1.262
-1.26
-1.258
-1.256
-1.254
-1.252
-1.25
-1.248
-1.246
-1.244
-1.242
-1.24
-1.238
-1.236
-1.234
-1.232
-1.23
-1.228
-1.226
-1.224
-1.222
-1.22
-1.218
-1.216
-1.214
-1.212
-1.21
-1.208
-1.206
-1.204
-1.202
-1.2
-1.198
-1.196
-1.194
-1.192
-1.19
-1.188
-1.186
-1.184
-1.182
-1.18
-1.178
-1.176
-1.174
-1.172
-1.17
-1.168
-1.166
-1.164
-1.162
-1.16
-1.158
-1.156
-1.154
-1.152
-1.15
-1.148
-1.146
-1.144
-1.142
-1.14
-1.138
-1.136
-1.134
-1.132
-1.13
-1.128
-1.126
-1.124
-1.122
-1.12
-1.118
-1.116
-1.114
-1.112
-1.11
-1.108
-1.106
-1.104
-1.102
-1.1
-1.098
-1.096
-1.094
-1.092
-1.09
-1.088
-1.086
-1.084
-1.082
-1.08
-1.078
-1.076
-1.074
-1.072
-1.07
-1.068
-1.066
-1.064
-1.062
-1.06
-1.058
-1.056
-1.054
-1.052
-1.05
-1.048
-1.046
-1.044
-1.042
-1.04
-1.038
-1.036
-1.034
-1.032
-1.03
-1.028
-1.026
-1.024
-1.022
-1.02
-1.018
-1.016
-1.014
-1.012
-1.01
-1.008
-1.006
-1.004
-1.002
-1
-0.998
-0.996
-0.994
-0.992
-0.99
-0.988
-0.986
-0.984
-0.982
-0.98
-0.978
-0.976
-0.974
-0.972
-0.97
-0.968
-0.966
-0.964
-0.962
-0.96
-0.958
-0.956
-0.954
-0.952
-0.95
-0.948
-0.946
-0.944
-0.942
-0.94
-0.938
-0.936
-0.934
-0.932
-0.93
-0.928
-0.926
-0.924
-0.922
-0.92
-0.918
-0.916
-0.914
-0.912
-0.91
-0.908
-0.906
-0.904
-0.902
-0.9
-0.898
-0.896
-0.894
-0.892
-0.89
-0.888
-0.886
-0.884
-0.882
-0.88
-0.878
-0.876
-0.874
-0.872
-0.87
-0.868
-0.866
-0.864
-0.862
-0.86
-0.858
-0.856
-0.854
-0.852
-0.85
-0.848
-0.846
-0.844
-0.842
-0.84
-0.838
-0.836
-0.834
-0.832
-0.83
-0.828
-0.826
-0.824
-0.822
-0.82
-0.818
-0.816
-0.814
-0.812
-0.81
-0.808
-0.806
-0.804
-0.802
-0.8
-0.798
-0.796
-0.794
-0.792
-0.79
-0.788
-0.786
-0.784
-0.782
-0.78
-0.778
-0.776
-0.774
-0.772
-0.77
-0.768
-0.766
-0.764
-0.762
-0.76
-0.758
-0.756
-0.754
-0.752
-0.75
-0.748
-0.746
-0.744
-0.742
-0.74
-0.738
-0.736
-0.734
-0.732
-0.73
-0.728
-0.726
-0.724
-0.722
-0.72
-0.718
-0.716
-0.714
-0.712
-0.71
-0.708
-0.706
-0.704
-0.702
-0.7
-0.698
-0.696
-0.694
-0.692
-0.69
-0.688
-0.686
-0.684
-0.682
-0.68
-0.678
-0.676
-0.674
-0.672
-0.67
-0.668
-0.666
-0.664
-0.662
-0.66
-0.658
-0.656
-0.654
-0.652
-0.65
-0.648
-0.646
-0.644
-0.642
-0.64
-0.638
-0.636
-0.634
-0.632
-0.63
-0.628
-0.626
-0.624
-0.622
-0.62
-0.618
-0.616
-0.614
-0.612
-0.61
-0.608
-0.606
-0.604
-0.602
-0.6
-0.598
-0.596
-0.594
-0.592
-0.59
-0.588
-0.586
-0.584
-0.582
-0.58
-0.578
-0.576
-0.574
-0.572
-0.57
-0.568
-0.566
-0.564
-0.562
-0.56
-0.558
-0.556
-0.554
-0.552
-0.55
-0.548
-0.546
-0.544
-0.542
-0.54
-0.538
-0.536
-0.534
-0.532
-0.53
-0.528
-0.526
-0.524
-0.522
-0.52
-0.518
-0.516
-0.514
-0.512
-0.51
-0.508
-0.506
-0.504
-0.502
-0.5
-0.498
-0.496
-0.494
-0.492
-0.49
-0.488
-0.486
-0.484
-0.482
-0.48
-0.478
-0.476
-0.474
-0.472
-0.47
-0.468
-0.466
-0.464
-0.462
-0.46
-0.458
-0.456
-0.454
-0.452
-0.45
-0.448
-0.446
-0.444
-0.442
-0.44
-0.438
-0.436
-0.434
-0.432
-0.43
-0.428
-0.426
-0.424
-0.422
-0.42
-0.418
-0.416
-0.414
-0.412
-0.41
-0.408
-0.406
-0.404
-0.402
-0.4
-0.398
-0.396
-0.394
-0.392
-0.39
-0.388
-0.386
-0.384
-0.382
-0.38
-0.378
-0.376
-0.374
-0.372
-0.37
-0.368
-0.366
-0.364
-0.362
-0.36
-0.358
-0.356
-0.354
-0.352
-0.35
-0.348
-0.346
-0.344
-0.342
-0.34
-0.338
-0.336
-0.334
-0.332
-0.33
-0.328
-0.326
-0.324
-0.322
-0.32
-0.318
-0.316
-0.314
-0.312
-0.31
-0.308
-0.306
-0.304
-0.302
-0.3
-0.298
-0.296
-0.294
-0.292
-0.29
-0.288
-0.286
-0.284
-0.282
-0.28
-0.278
-0.276
-0.274
-0.272
-0.27
-0.268
-0.266
-0.264
-0.262
-0.26
-0.258
-0.256
-0.254
-0.252
-0.25
-0.248
-0.246
-0.244
-0.242
-0.24
-0.238
-0.236
-0.234
-0.232
-0.23
-0.228
-0.226
-0.224
-0.222
-0.22
-0.218
-0.216
-0.214
-0.212
-0.21
-0.208
-0.206
-0.204
-0.202
-0.2
-0.198
-0.196
-0.194
-0.192
-0.19
-0.188
-0.186
-0.184
-0.182
-0.18
-0.178
-0.176
-0.174
-0.172
-0.17
-0.168
-0.166
-0.164
-0.162
-0.16
-0.158
-0.156
-0.154
-0.152
-0.15
-0.148
-0.146
-0.144
-0.142
-0.14
-0.138
-0.136
-0.134
-0.132
-0.13
-0.128
-0.126
-0.124
-0.122
-0.12
-0.118
-0.116
-0.114
-0.112
-0.11
-0.108
-0.106
-0.104
-0.102
-0.1
-0.098
-0.096
-0.094
-0.092
-0.09
-0.088
-0.086
-0.084
-0.082
-0.08
-0.078
-0.076
-0.074
-0.072
-0.07
-0.068
-0.066
-0.064
-0.062
-0.06
-0.058
-0.056
-0.054
-0.052
-0.05
-0.048
-0.046
-0.044
-0.042
-0.04
-0.038
-0.036
-0.034
-0.032
-0.03
-0.028
-0.026
-0.024
-0.022
-0.02
-0.018
-0.016
-0.014
-0.012
-0.01
-0.008
-0.006
-0.004
-0.002
-3.2864e-13
0.002
0.004
0.006
0.008
0.01
0.012
0.014
0.016
0.018
0.02
0.022
0.024
0.026
0.028
0.03
0.032
0.034
0.036
0.038
0.04
0.042
0.044
0.046
0.048
0.05
0.052
0.054
0.056
0.058
0.06
0.062
0.064
0.066
0.068
0.07
0.072
0.074
0.076
0.078
0.08
0.082
0.084
0.086
0.088
0.09
0.092
0.094
0.096
0.098
0.1
0.102
0.104
0.106
0.108
0.11
0.112
0.114
0.116
0.118
0.12
0.122
0.124
0.126
0.128
0.13
0.132
0.134
0.136
0.138
0.14
0.142
0.144
0.146
0.148
0.15
0.152
0.154
0.156
0.158
0.16
0.162
0.164
0.166
0.168
0.17
0.172
0.174
0.176
0.178
0.18
0.182
0.184
0.186
0.188
0.19
0.192
0.194
0.196
0.198
0.2
0.202
0.204
0.206
0.208
0.21
0.212
0.214
0.216
0.218
0.22
0.222
0.224
0.226
0.228
0.23
0.232
0.234
0.236
0.238
0.24
0.242
0.244
0.246
0.248
0.25
0.252
0.254
0.256
0.258
0.26
0.262
0.264
0.266
0.268
0.27
0.272
0.274
0.276
0.278
0.28
0.282
0.284
0.286
0.288
0.29
0.292
0.294
0.296
0.298
0.3
0.302
0.304
0.306
0.308
0.31
0.312
0.314
0.316
0.318
0.32
0.322
0.324
0.326
0.328
0.33
0.332
0.334
0.336
0.338
0.34
0.342
0.344
0.346
0.348
0.35
0.352
0.354
0.356
0.358
0.36
0.362
0.364
0.366
0.368
0.37
0.372
0.374
0.376
0.378
0.38
0.382
0.384
0.386
0.388
0.39
0.392
0.394
0.396
0.398
0.4
0.402
0.404
0.406
0.408
0.41
0.412
0.414
0.416
0.418
0.42
0.422
0.424
0.426
0.428
0.43
0.432
0.434
0.436
0.438
0.44
0.442
0.444
0.446
0.448
0.45
0.452
0.454
0.456
0.458
0.46
0.462
0.464
0.466
0.468
0.47
0.472
0.474
0.476
0.478
0.48
0.482
0.484
0.486
0.488
0.49
0.492
0.494
0.496
0.498
0.5
0.502
0.504
0.506
0.508
0.51
0.512
0.514
0.516
0.518
0.52
0.522
0.524
0.526
0.528
0.53
0.532
0.534
0.536
0.538
0.54
0.542
0.544
0.546
0.548
0.55
0.552
0.554
0.556
0.558
0.56
0.562
0.564
0.566
0.568
0.57
0.572
0.574
0.576
0.578
0.58
0.582
0.584
0.586
0.588
0.59
0.592
0.594
0.596
0.598
0.6
0.602
0.604
0.606
0.608
0.61
0.612
0.614
0.616
0.618
0.62
0.622
0.624
0.626
0.628
0.63
0.632
0.634
0.636
0.638
0.64
0.642
0.644
0.646
0.648
0.65
0.652
0.654
0.656
0.658
0.66
0.662
0.664
0.666
0.668
0.67
0.672
0.674
0.676
0.678
0.68
0.682
0.684
0.686
0.688
0.69
0.692
0.694
0.696
0.698
0.7
0.702
0.704
0.706
0.708
0.71
0.712
0.714
0.716
0.718
0.72
0.722
0.724
0.726
0.728
0.73
0.732
0.734
0.736
0.738
0.74
0.742
0.744
0.746
0.748
0.75
0.752
0.754
0.756
0.758
0.76
0.762
0.764
0.766
0.768
0.77
0.772
0.774
0.776
0.778
0.78
0.782
0.784
0.786
0.788
0.79
0.792
0.794
0.796
0.798
0.8
0.802
0.804
0.806
0.808
0.81
0.812
0.814
0.816
0.818
0.82
0.822
0.824
0.826
0.828
0.83
0.832
0.834
0.836
0.838
0.84
0.842
0.844
0.846
0.848
0.85
0.852
0.854
0.856
0.858
0.86
0.862
0.864
0.866
0.868
0.87
0.872
0.874
0.876
0.878
0.88
0.882
0.884
0.886
0.888
0.89
0.892
0.894
0.896
0.898
0.9
0.902
0.904
0.906
0.908
0.91
0.912
0.914
0.916
0.918
0.92
0.922
0.924
0.926
0.928
0.93
0.932
0.934
0.936
0.938
0.94
0.942
0.944
0.946
0.948
0.95
0.952
0.954
0.956
0.958
0.96
0.962
0.964
0.966
0.968
0.97
0.972
0.974
0.976
0.978
0.98
0.982
0.984
0.986
0.988
0.99
0.992
0.994
0.996
0.998
1
1.002
1.004
1.006
1.008
1.01
1.012
1.014
1.016
1.018
1.02
1.022
1.024
1.026
1.028
1.03
1.032
1.034
1.036
1.038
1.04
1.042
1.044
1.046
1.048
1.05
1.052
1.054
1.056
1.058
1.06
1.062
1.064
1.066
1.068
1.07
1.072
1.074
1.076
1.078
1.08
1.082
1.084
1.086
1.088
1.09
1.092
1.094
1.096
1.098
1.1
1.102
1.104
1.106
1.108
1.11
1.112
1.114
1.116
1.118
1.12
1.122
1.124
1.126
1.128
1.13
1.132
1.134
1.136
1.138
1.14
1.142
1.144
1.146
1.148
1.15
1.152
1.154
1.156
1.158
1.16
1.162
1.164
1.166
1.168
1.17
1.172
1.174
1.176
1.178
1.18
1.182
1.184
1.186
1.188
1.19
1.192
1.194
1.196
1.198
1.2
1.202
1.204
1.206
1.208
1.21
1.212
1.214
1.216
1.218
1.22
1.222
1.224
1.226
1.228
1.23
1.232
1.234
1.236
1.238
1.24
1.242
1.244
1.246
1.248
1.25
1.252
1.254
1.256
1.258
1.26
1.262
1.264
1.266
1.268
1.27
1.272
1.274
1.276
1.278
1.28
1.282
1.284
1.286
1.288
1.29
1.292
1.294
1.296
1.298
1.3
1.302
1.304
1.306
1.308
1.31
1.312
1.314
1.316
1.318
1.32
1.322
1.324
1.326
1.328
1.33
1.332
1.334
1.336
1.338
1.34
1.342
1.344
1.346
1.348
1.35
1.352
1.354
1.356
1.358
1.36
1.362
1.364
1.366
1.368
1.37
1.372
1.374
1.376
1.378
1.38
1.382
1.384
1.386
1.388
1.39
1.392
1.394
1.396
1.398
1.4
1.402
1.404
1.406
1.408
1.41
1.412
1.414
1.416
1.418
1.42
1.422
1.424
1.426
1.428
1.43
1.432
1.434
1.436
1.438
1.44
1.442
1.444
1.446
1.448
1.45
1.452
1.454
1.456
1.458
1.46
1.462
1.464
1.466
1.468
1.47
1.472
1.474
1.476
1.478
1.48
1.482
1.484
1.486
1.488
1.49
1.492
1.494
1.496
1.498
1.5
1.502
1.504
1.506
1.508
1.51
1.512
1.514
1.516
1.518
1.52
1.522
1.524
1.526
1.528
1.53
1.532
1.534
1.536
1.538
1.54
1.542
1.544
1.546
1.548
1.55
1.552
1.554
1.556
1.558
1.56
1.562
1.564
1.566
1.568
1.57
1.572
1.574
1.576
1.578
1.58
1.582
1.584
1.586
1.588
1.59
1.592
1.594
1.596
1.598
1.6
1.602
1.604
1.606
1.608
1.61
1.612
1.614
1.616
1.618
1.62
1.622
1.624
1.626
1.628
1.63
1.632
1.634
1.636
1.638
1.64
1.642
1.644
1.646
1.648
1.65
1.652
1.654
1.656
1.658
1.66
1.662
1.664
1.666
1.668
1.67
1.672
1.674
1.676
1.678
1.68
1.682
1.684
1.686
1.688
1.69
1.692
1.694
1.696
1.698
1.7
1.702
1.704
1.706
1.708
1.71
1.712
1.714
1.716
1.718
1.72
1.722
1.724
1.726
1.728
1.73
1.732
1.734
1.736
1.738
1.74
1.742
1.744
1.746
1.748
1.75
1.752
1.754
1.756
1.758
1.76
1.762
1.764
1.766
1.768
1.77
1.772
1.774
1.776
1.778
1.78
1.782
1.784
1.786
1.788
1.79
1.792
1.794
1.796
1.798
1.8
1.802
1.804
1.806
1.808
1.81
1.812
1.814
1.816
1.818
1.82
1.822
1.824
1.826
1.828
1.83
1.832
1.834
1.836
1.838
1.84
1.842
1.844
1.846
1.848
1.85
1.852
1.854
1.856
1.858
1.86
1.862
1.864
1.866
1.868
1.87
1.872
1.874
1.876
1.878
1.88
1.882
1.884
1.886
1.888
1.89
1.892
1.894
1.896
1.898
1.9
1.902
1.904
1.906
1.908
1.91
1.912
1.914
1.916
1.918
1.92
1.922
1.924
1.926
1.928
1.93
1.932
1.934
1.936
1.938
1.94
1.942
1.944
1.946
1.948
1.95
1.952
1.954
1.956
1.958
1.96
1.962
1.964
1.966
1.968
1.97
1.972
1.974
1.976
1.978
1.98
1.982
1.984
1.986
1.988
1.99
1.992
1.994
1.996
1.998
2
2.002
2.004
2.006
2.008
2.01
2.012
2.014
2.016
2.018
2.02
2.022
2.024
2.026
2.028
2.03
2.032
2.034
2.036
2.038
2.04
2.042
2.044
2.046
2.048
2.05
2.052
2.054
2.056
2.058
2.06
2.062
2.064
2.066
2.068
2.07
2.072
2.074
2.076
2.078
2.08
2.082
2.084
2.086
2.088
2.09
2.092
2.094
2.096
2.098
2.1
2.102
2.104
2.106
2.108
2.11
2.112
2.114
2.116
2.118
2.12
2.122
2.124
2.126
2.128
2.13
2.132
2.134
2.136
2.138
2.14
2.142
2.144
2.146
2.148
2.15
2.152
2.154
2.156
2.158
2.16
2.162
2.164
2.166
2.168
2.17
2.172
2.174
2.176
2.178
2.18
2.182
2.184
2.186
2.188
2.19
2.192
2.194
2.196
2.198
2.2
2.202
2.204
2.206
2.208
2.21
2.212
2.214
2.216
2.218
2.22
2.222
2.224
2.226
2.228
2.23
2.232
2.234
2.236
2.238
2.24
2.242
2.244
2.246
2.248
2.25
2.252
2.254
2.256
2.258
2.26
2.262
2.264
2.266
2.268
2.27
2.272
2.274
2.276
2.278
2.28
2.282
2.284
2.286
2.288
2.29
2.292
2.294
2.296
2.298
2.3
2.302
2.304
2.306
2.308
2.31
2.312
2.314
2.316
2.318
2.32
2.322
2.324
2.326
2.328
2.33
2.332
2.334
2.336
2.338
2.34
2.342
2.344
2.346
2.348
2.35
2.352
2.354
2.356
2.358
2.36
2.362
2.364
2.366
2.368
2.37
2.372
2.374
2.376
2.378
2.38
2.382
2.384
2.386
2.388
2.39
2.392
2.394
2.396
2.398
2.4
2.402
2.404
2.406
2.408
2.41
2.412
2.414
2.416
2.418
2.42
2.422
2.424
2.426
2.428
2.43
2.432
2.434
2.436
2.438
2.44
2.442
2.444
2.446
2.448
2.45
2.452
2.454
2.456
2.458
2.46
2.462
2.464
2.466
2.468
2.47
2.472
2.474
2.476
2.478
2.48
2.482
2.484
2.486
2.488
2.49
2.492
2.494
2.496
2.498
2.5
2.502
2.504
2.506
2.508
2.51
2.512
2.514
2.516
2.518
2.52
2.522
2.524
2.526
2.528
2.53
2.532
2.534
2.536
2.538
2.54
2.542
2.544
2.546
2.548
2.55
2.552
2.554
2.556
2.558
2.56
2.562
2.564
2.566
2.568
2.57
2.572
2.574
2.576
2.578
2.58
2.582
2.584
2.586
2.588
2.59
2.592
2.594
2.596
2.598
2.6
2.602
2.604
2.606
2.608
2.61
2.612
2.614
2.616
2.618
2.62
2.622
2.624
2.626
2.628
2.63
2.632
2.634
2.636
2.638
2.64
2.642
2.644
2.646
2.648
2.65
2.652
2.654
2.656
2.658
2.66
2.662
2.664
2.666
2.668
2.67
2.672
2.674
2.676
2.678
2.68
2.682
2.684
2.686
2.688
2.69
2.692
2.694
2.696
2.698
2.7
2.702
2.704
2.706
2.708
2.71
2.712
2.714
2.716
2.718
2.72
2.722
2.724
2.726
2.728
2.73
2.732
2.734
2.736
2.738
2.74
2.742
2.744
2.746
2.748
2.75
2.752
2.754
2.756
2.758
2.76
2.762
2.764
2.766
2.768
2.77
2.772
2.774
2.776
2.778
2.78
2.782
2.784
2.786
2.788
2.79
2.792
2.794
2.796
2.798
2.8
2.802
2.804
2.806
2.808
2.81
2.812
2.814
2.816
2.818
2.82
2.822
2.824
2.826
2.828
2.83
2.832
2.834
2.836
2.838
2.84
2.842
2.844
2.846
2.848
2.85
2.852
2.854
2.856
2.858
2.86
2.862
2.864
2.866
2.868
2.87
2.872
2.874
2.876
2.878
2.88
2.882
2.884
2.886
2.888
2.89
2.892
2.894
2.896
2.898
2.9
2.902
2.904
2.906
2.908
2.91
2.912
2.914
2.916
2.918
2.92
2.922
2.924
2.926
2.928
2.93
2.932
2.934
2.936
2.938
2.94
2.942
2.944
2.946
2.948
2.95
2.952
2.954
2.956
2.958
2.96
2.962
2.964
2.966
2.968
2.97
2.972
2.974
2.976
2.978
2.98
2.982
2.984
2.986
2.988
2.99
2.992
2.994
2.996
2.998
3
3.002
3.004
3.006
3.008
3.01
3.012
3.014
3.016
3.018
3.02
3.022
3.024
3.026
3.028
3.03
3.032
3.034
3.036
3.038
3.04
3.042
3.044
3.046
3.048
3.05
3.052
3.054
3.056
3.058
3.06
3.062
3.064
3.066
3.068
3.07
3.072
3.074
3.076
3.078
3.08
3.082
3.084
3.086
3.088
3.09
3.092
3.094
3.096
3.098
3.1
3.102
3.104
3.106
3.108
3.11
3.112
3.114
3.116
3.118
3.12
3.122
3.124
3.126
3.128
3.13
3.132
3.134
3.136
3.138
3.14
3.142
3.144
3.146
3.148
3.15
3.152
3.154
3.156
3.158
3.16
3.162
3.164
3.166
3.168
3.17
3.172
3.174
3.176
3.178
3.18
3.182
3.184
3.186
3.188
3.19
3.192
3.194
3.196
3.198
3.2
3.202
3.204
3.206
3.208
3.21
3.212
3.214
3.216
3.218
3.22
3.222
3.224
3.226
3.228
3.23
3.232
3.234
3.236
3.238
3.24
3.242
3.244
3.246
3.248
3.25
3.252
3.254
3.256
3.258
3.26
3.262
3.264
3.266
3.268
3.27
3.272
3.274
3.276
3.278
3.28
3.282
3.284
3.286
3.288
3.29
3.292
3.294
3.296
3.298
3.3
3.302
3.304
3.306
3.308
3.31
3.312
3.314
3.316
3.318
3.32
3.322
3.324
3.326
3.328
3.33
3.332
3.334
3.336
3.338
3.34
3.342
3.344
3.346
3.348
3.35
3.352
3.354
3.356
3.358
3.36
3.362
3.364
3.366
3.368
3.37
3.372
3.374
3.376
3.378
3.38
3.382
3.384
3.386
3.388
3.39
3.392
3.394
3.396
3.398
3.4
3.402
3.404
3.406
3.408
3.41
3.412
3.414
3.416
3.418
3.42
3.422
3.424
3.426
3.428
3.43
3.432
3.434
3.436
3.438
3.44
3.442
3.444
3.446
3.448
3.45
3.452
3.454
3.456
3.458
3.46
3.462
3.464
3.466
3.468
3.47
3.472
3.474
3.476
3.478
3.48
3.482
3.484
3.486
3.488
3.49
3.492
3.494
3.496
3.498
3.5
3.502
3.504
3.506
3.508
3.51
3.512
3.514
3.516
3.518
3.52
3.522
3.524
3.526
3.528
3.53
3.532
3.534
3.536
3.538
3.54
3.542
3.544
3.546
3.548
3.55
3.552
3.554
3.556
3.558
3.56
3.562
3.564
3.566
3.568
3.57
3.572
3.574
3.576
3.578
3.58
3.582
3.584
3.586
3.588
3.59
3.592
3.594
3.596
3.598
3.6
3.602
3.604
3.606
3.608
3.61
3.612
3.614
3.616
3.618
3.62
3.622
3.624
3.626
3.628
3.63
3.632
3.634
3.636
3.638
3.64
3.642
3.644
3.646
3.648
3.65
3.652
3.654
3.656
3.658
3.66
3.662
3.664
3.666
3.668
3.67
3.672
3.674
3.676
3.678
3.68
3.682
3.684
3.686
3.688
3.69
3.692
3.694
3.696
3.698
3.7
3.702
3.704
3.706
3.708
3.71
3.712
3.714
3.716
3.718
3.72
3.722
3.724
3.726
3.728
3.73
3.732
3.734
3.736
3.738
3.74
3.742
3.744
3.746
3.748
3.75
3.752
3.754
3.756
3.758
3.76
3.762
3.764
3.766
3.768
3.77
3.772
3.774
3.776
3.778
3.78
3.782
3.784
3.786
3.788
3.79
3.792
3.794
3.796
3.798
3.8
3.802
3.804
3.806
3.808
3.81
3.812
3.814
3.816
3.818
3.82
3.822
3.824
3.826
3.828
3.83
3.832
3.834
3.836
3.838
3.84
3.842
3.844
3.846
3.848
3.85
3.852
3.854
3.856
3.858
3.86
3.862
3.864
3.866
3.868
3.87
3.872
3.874
3.876
3.878
3.88
3.882
3.884
3.886
3.888
3.89
3.892
3.894
3.896
3.898
3.9
3.902
3.904
3.906
3.908
3.91
3.912
3.914
3.916
3.918
3.92
3.922
3.924
3.926
3.928
3.93
3.932
3.934
3.936
3.938
3.94
3.942
3.944
3.946
3.948
3.95
3.952
3.954
3.956
3.958
3.96
3.962
3.964
3.966
3.968
3.97
3.972
3.974
3.976
3.978
3.98
3.982
3.984
3.986
3.988
3.99
3.992
3.994
3.996
3.998
4
4.002
4.004
4.006
4.008
4.01
4.012
4.014
4.016
4.018
4.02
4.022
4.024
4.026
4.028
4.03
4.032
4.034
4.036
4.038
4.04
4.042
4.044
4.046
4.048
4.05
4.052
4.054
4.056
4.058
4.06
4.062
4.064
4.066
4.068
4.07
4.072
4.074
4.076
4.078
4.08
4.082
4.084
4.086
4.088
4.09
4.092
4.094
4.096
4.098
4.1
4.102
4.104
4.106
4.108
4.11
4.112
4.114
4.116
4.118
4.12
4.122
4.124
4.126
4.128
4.13
4.132
4.134
4.136
4.138
4.14
4.142
4.144
4.146
4.148
4.15
4.152
4.154
4.156
4.158
4.16
4.162
4.164
4.166
4.168
4.17
4.172
4.174
4.176
4.178
4.18
4.182
4.184
4.186
4.188
4.19
4.192
4.194
4.196
4.198
4.2
4.202
4.204
4.206
4.208
4.21
4.212
4.214
4.216
4.218
4.22
4.222
4.224
4.226
4.228
4.23
4.232
4.234
4.236
4.238
4.24
4.242
4.244
4.246
4.248
4.25
4.252
4.254
4.256
4.258
4.26
4.262
4.264
4.266
4.268
4.27
4.272
4.274
4.276
4.278
4.28
4.282
4.284
4.286
4.288
4.29
4.292
4.294
4.296
4.298
4.3
4.302
4.304
4.306
4.308
4.31
4.312
4.314
4.316
4.318
4.32
4.322
4.324
4.326
4.328
4.33
4.332
4.334
4.336
4.338
4.34
4.342
4.344
4.346
4.348
4.35
4.352
4.354
4.356
4.358
4.36
4.362
4.364
4.366
4.368
4.37
4.372
4.374
4.376
4.378
4.38
4.382
4.384
4.386
4.388
4.39
4.392
4.394
4.396
4.398
4.4
4.402
4.404
4.406
4.408
4.41
4.412
4.414
4.416
4.418
4.42
4.422
4.424
4.426
4.428
4.43
4.432
4.434
4.436
4.438
4.44
4.442
4.444
4.446
4.448
4.45
4.452
4.454
4.456
4.458
4.46
4.462
4.464
4.466
4.468
4.47
4.472
4.474
4.476
4.478
4.48
4.482
4.484
4.486
4.488
4.49
4.492
4.494
4.496
4.498
4.5
4.502
4.504
4.506
4.508
4.51
4.512
4.514
4.516
4.518
4.52
4.522
4.524
4.526
4.528
4.53
4.532
4.534
4.536
4.538
4.54
4.542
4.544
4.546
4.548
4.55
4.552
4.554
4.556
4.558
4.56
4.562
4.564
4.566
4.568
4.57
4.572
4.574
4.576
4.578
4.58
4.582
4.584
4.586
4.588
4.59
4.592
4.594
4.596
4.598
4.6
4.602
4.604
4.606
4.608
4.61
4.612
4.614
4.616
4.618
4.62
4.622
4.624
4.626
4.628
4.63
4.632
4.634
4.636
4.638
4.64
4.642
4.644
4.646
4.648
4.65
4.652
4.654
4.656
4.658
4.66
4.662
4.664
4.666
4.668
4.67
4.672
4.674
4.676
4.678
4.68
4.682
4.684
4.686
4.688
4.69
4.692
4.694
4.696
4.698
4.7
4.702
4.704
4.706
4.708
4.71
4.712
4.714
4.716
4.718
4.72
4.722
4.724
4.726
4.728
4.73
4.732
4.734
4.736
4.738
4.74
4.742
4.744
4.746
4.748
4.75
4.752
4.754
4.756
4.758
4.76
4.762
4.764
4.766
4.768
4.77
4.772
4.774
4.776
4.778
4.78
4.782
4.784
4.786
4.788
4.79
4.792
4.794
4.796
4.798
4.8
4.802
4.804
4.806
4.808
4.81
4.812
4.814
4.816
4.818
4.82
4.822
4.824
4.826
4.828
4.83
4.832
4.834
4.836
4.838
4.84
4.842
4.844
4.846
4.848
4.85
4.852
4.854
4.856
4.858
4.86
4.862
4.864
4.866
4.868
4.87
4.872
4.874
4.876
4.878
4.88
4.882
4.884
4.886
4.888
4.89
4.892
4.894
4.896
4.898
4.9
4.902
4.904
4.906
4.908
4.91
4.912
4.914
4.916
4.918
4.92
4.922
4.924
4.926
4.928
4.93
4.932
4.934
4.936
4.938
4.94
4.942
4.944
4.946
4.948
4.95
4.952
4.954
4.956
4.958
4.96
4.962
4.964
4.966
4.968
4.97
4.972
4.974
4.976
4.978
4.98
4.982
4.984
4.986
4.988
4.99
4.992
4.994
4.996
4.998
