0.0384615
0.0345197
0.0306122
0.0267389
0.0228996
0.0190941
0.0153224
0.0115841
0.00787925
0.00420758
0.000568944
-0.00303682
-0.00660987
-0.0101504
-0.0136585
-0.0171344
-0.0205782
-0.0239901
-0.0273702
-0.0307188
-0.0340359
-0.0373218
-0.0405765
-0.0438002
-0.0469932
-0.0501555
-0.0532872
-0.0563887
-0.0594599
-0.0625011
-0.0655124
-0.068494
-0.071446
-0.0743686
-0.0772618
-0.080126
-0.0829611
-0.0857674
-0.0885451
-0.0912942
-0.0940149
-0.0967073
-0.0993717
-0.102008
-0.104617
-0.107198
-0.109751
-0.112277
-0.114776
-0.117248
-0.119692
-0.12211
-0.124502
-0.126867
-0.129205
-0.131517
-0.133803
-0.136064
-0.138298
-0.140507
-0.14269
-0.144847
-0.14698
-0.149087
-0.151169
-0.153227
-0.15526
-0.157268
-0.159251
-0.161211
-0.163146
-0.165057
-0.166944
-0.168808
-0.170647
-0.172463
-0.174256
-0.176026
-0.177772
-0.179496
-0.181196
-0.182874
-0.184529
-0.186162
-0.187772
-0.18936
-0.190926
-0.19247
-0.193992
-0.195492
-0.196971
-0.198428
-0.199863
-0.201278
-0.202671
-0.204044
-0.205395
-0.206726
-0.208036
-0.209326
-0.210595
-0.211844
-0.213073
-0.214281
-0.21547
-0.216639
-0.217788
-0.218918
-0.220028
-0.221119
-0.222191
-0.223244
-0.224277
-0.225292
-0.226288
-0.227265
-0.228224
-0.229164
-0.230086
-0.23099
-0.231876
-0.232744
-0.233593
-0.234426
-0.23524
-0.236037
-0.236816
-0.237579
-0.238324
-0.239051
-0.239762
-0.240456
-0.241133
-0.241794
-0.242438
-0.243065
-0.243677
-0.244271
-0.24485
-0.245413
-0.245959
-0.24649
-0.247005
-0.247505
-0.247989
-0.248457
-0.248911
-0.249349
-0.249771
-0.250179
-0.250572
-0.25095
-0.251313
-0.251662
-0.251996
-0.252316
-0.252621
-0.252912
-0.253189
-0.253452
-0.253701
-0.253936
-0.254158
-0.254365
-0.25456
-0.25474
-0.254907
-0.255061
-0.255202
-0.25533
-0.255444
-0.255546
-0.255635
-0.255711
-0.255775
-0.255826
-0.255864
-0.25589
-0.255904
-0.255906
-0.255895
-0.255873
-0.255838
-0.255792
-0.255734
-0.255664
-0.255583
-0.25549
-0.255385
-0.25527
-0.255143
-0.255005
-0.254856
-0.254696
-0.254525
-0.254343
-0.254151
-0.253948
-0.253734
-0.25351
-0.253275
-0.25303
-0.252775
-0.252509
-0.252234
-0.251948
-0.251653
-0.251348
-0.251033
-0.250708
-0.250374
-0.25003
-0.249676
-0.249314
-0.248942
-0.24856
-0.24817
-0.247771
-0.247362
-0.246945
-0.246519
-0.246084
-0.24564
-0.245188
-0.244727
-0.244258
-0.24378
-0.243294
-0.2428
-0.242297
-0.241787
-0.241268
-0.240741
-0.240207
-0.239665
-0.239115
-0.238557
-0.237992
-0.237419
-0.236838
-0.236251
-0.235655
-0.235053
-0.234444
-0.233827
-0.233203
-0.232572
-0.231935
-0.23129
-0.230639
-0.229981
-0.229316
-0.228645
-0.227967
-0.227282
-0.226592
-0.225895
-0.225191
-0.224482
-0.223766
-0.223044
-0.222316
-0.221582
-0.220843
-0.220097
-0.219346
-0.218589
-0.217826
-0.217058
-0.216284
-0.215505
-0.21472
-0.21393
-0.213135
-0.212334
-0.211529
-0.210718
-0.209902
-0.209081
-0.208255
-0.207424
-0.206589
-0.205748
-0.204903
-0.204054
-0.203199
-0.202341
-0.201477
-0.20061
-0.199737
-0.198861
-0.19798
-0.197095
-0.196206
-0.195313
-0.194416
-0.193515
-0.192609
-0.1917
-0.190787
-0.189871
-0.18895
-0.188026
-0.187098
-0.186167
-0.185232
-0.184294
-0.183352
-0.182407
-0.181458
-0.180507
-0.179551
-0.178593
-0.177632
-0.176668
-0.1757
-0.17473
-0.173756
-0.17278
-0.171801
-0.170819
-0.169834
-0.168847
-0.167857
-0.166864
-0.165869
-0.164872
-0.163871
-0.162869
-0.161864
-0.160857
-0.159847
-0.158835
-0.157821
-0.156805
-0.155786
-0.154766
-0.153744
-0.152719
-0.151693
-0.150665
-0.149634
-0.148602
-0.147569
-0.146533
-0.145496
-0.144457
-0.143417
-0.142375
-0.141331
-0.140286
-0.13924
-0.138192
-0.137143
-0.136092
-0.135041
-0.133987
-0.132933
-0.131878
-0.130821
-0.129763
-0.128705
-0.127645
-0.126584
-0.125522
-0.12446
-0.123396
-0.122332
-0.121267
-0.120201
-0.119134
-0.118067
-0.116999
-0.11593
-0.114861
-0.113791
-0.112721
-0.11165
-0.110579
-0.109507
-0.108435
-0.107363
-0.10629
-0.105217
-0.104144
-0.103071
-0.101997
-0.100924
-0.0998498
-0.0987758
-0.0977018
-0.0966278
-0.0955538
-0.0944799
-0.093406
-0.0923322
-0.0912586
-0.0901851
-0.0891119
-0.0880388
-0.086966
-0.0858935
-0.0848213
-0.0837494
-0.082678
-0.0816069
-0.0805362
-0.0794661
-0.0783964
-0.0773272
-0.0762585
-0.0751905
-0.074123
-0.0730562
-0.07199
-0.0709245
-0.0698597
-0.0687957
-0.0677324
-0.0666699
-0.0656082
-0.0645474
-0.0634874
-0.0624283
-0.0613701
-0.0603129
-0.0592567
-0.0582014
-0.0571472
-0.056094
-0.0550419
-0.0539908
-0.0529409
-0.0518921
-0.0508445
-0.0497981
-0.0487529
-0.0477089
-0.0466662
-0.0456248
-0.0445846
-0.0435458
-0.0425084
-0.0414723
-0.0404376
-0.0394043
-0.0383725
-0.0373421
-0.0363132
-0.0352858
-0.03426
-0.0332356
-0.0322129
-0.0311917
-0.0301721
-0.0291542
-0.0281379
-0.0271232
-0.0261103
-0.025099
-0.0240895
-0.0230817
-0.0220757
-0.0210715
-0.0200691
-0.0190685
-0.0180697
-0.0170728
-0.0160778
-0.0150846
-0.0140934
-0.0131041
-0.0121168
-0.0111314
-0.010148
-0.00916664
-0.00818726
-0.00720992
-0.00623463
-0.00526141
-0.00429028
-0.00332124
-0.00235433
-0.00138954
-0.000426908
0.000533562
0.00149185
0.00244794
0.00340182
0.00435348
0.00530289
0.00625004
0.00719492
0.00813752
0.00907781
0.0100158
0.0109514
0.0118847
0.0128157
0.0137443
0.0146705
0.0155942
0.0165156
0.0174346
0.0183511
0.0192651
0.0201767
0.0210859
0.0219925
0.0228966
0.0237982
0.0246973
0.0255938
0.0264878
0.0273793
0.0282681
0.0291544
0.030038
0.0309191
0.0317975
0.0326733
0.0335465
0.034417
0.0352848
0.03615
0.0370125
0.0378722
0.0387293
0.0395837
0.0404353
0.0412842
0.0421303
0.0429737
0.0438144
0.0446522
0.0454873
0.0463196
0.047149
0.0479757
0.0487995
0.0496205
0.0504387
0.051254
0.0520665
0.0528761
0.0536829
0.0544867
0.0552877
0.0560858
0.056881
0.0576732
0.0584626
0.059249
0.0600325
0.0608131
0.0615907
0.0623654
0.0631371
0.0639058
0.0646716
0.0654344
0.0661942
0.066951
0.0677048
0.0684556
0.0692034
0.0699482
0.07069
0.0714287
0.0721644
0.0728971
0.0736267
0.0743533
0.0750768
0.0757973
0.0765147
0.077229
0.0779403
0.0786485
0.0793536
0.0800556
0.0807546
0.0814504
0.0821431
0.0828328
0.0835193
0.0842027
0.084883
0.0855602
0.0862343
0.0869052
0.0875731
0.0882378
0.0888993
0.0895577
0.090213
0.0908651
0.0915141
0.09216
0.0928027
0.0934422
0.0940786
0.0947118
0.0953419
0.0959688
0.0965925
0.0972131
0.0978305
0.0984447
0.0990558
0.0996637
0.100268
0.10087
0.101468
0.102063
0.102655
0.103244
0.10383
0.104412
0.104992
0.105568
0.106141
0.10671
0.107277
0.10784
0.1084
0.108957
0.109511
0.110062
0.110609
0.111153
0.111694
0.112232
0.112767
0.113298
0.113827
0.114352
0.114874
0.115392
0.115908
0.11642
0.11693
0.117436
0.117938
0.118438
0.118934
0.119428
0.119918
0.120405
0.120889
0.121369
0.121847
0.122321
0.122792
0.12326
0.123725
0.124186
0.124645
0.1251
0.125552
0.126001
0.126447
0.12689
0.127329
0.127766
0.128199
0.128629
0.129056
0.12948
0.129901
0.130318
0.130733
0.131144
0.131553
0.131958
0.13236
0.132759
0.133155
0.133547
0.133937
0.134324
0.134707
0.135087
0.135465
0.135839
0.13621
0.136578
0.136943
0.137305
0.137664
0.13802
0.138373
0.138722
0.139069
0.139413
0.139753
0.140091
0.140426
0.140757
0.141086
0.141411
0.141734
0.142053
0.14237
0.142684
0.142994
0.143302
0.143606
0.143908
0.144207
0.144502
0.144795
0.145085
0.145372
0.145656
0.145937
0.146215
0.14649
0.146763
0.147032
0.147298
0.147562
0.147823
0.14808
0.148335
0.148587
0.148836
0.149083
0.149326
0.149567
0.149804
0.150039
0.150271
0.150501
0.150727
0.150951
0.151172
0.15139
0.151605
0.151817
0.152027
0.152234
0.152438
0.152639
0.152838
0.153034
0.153227
0.153417
0.153605
0.15379
0.153972
0.154152
0.154329
0.154503
0.154674
0.154843
0.155009
0.155173
0.155334
0.155492
0.155647
0.1558
0.155951
0.156098
0.156243
0.156386
0.156526
0.156663
0.156798
0.15693
0.157059
0.157187
0.157311
0.157433
0.157552
0.157669
0.157784
0.157896
0.158005
0.158112
0.158216
0.158318
0.158418
0.158515
0.158609
0.158702
0.158791
0.158879
0.158963
0.159046
0.159126
0.159204
0.159279
0.159352
0.159422
0.159491
0.159557
0.15962
0.159681
0.15974
0.159797
0.159851
0.159903
0.159953
0.16
0.160045
0.160088
0.160129
0.160167
0.160203
0.160237
0.160269
0.160298
0.160326
0.160351
0.160374
0.160395
0.160413
0.16043
0.160444
0.160456
0.160466
0.160474
0.16048
0.160484
0.160485
0.160485
0.160483
0.160478
0.160472
0.160463
0.160452
0.16044
0.160425
0.160408
0.16039
0.160369
0.160346
0.160322
0.160295
0.160267
0.160236
0.160204
0.16017
0.160134
0.160095
0.160056
0.160014
0.15997
0.159924
0.159877
0.159828
0.159777
0.159724
0.159669
0.159613
0.159555
0.159494
0.159433
0.159369
0.159304
0.159237
0.159168
0.159097
0.159025
0.158951
0.158876
0.158798
0.158719
0.158639
0.158557
0.158473
0.158387
0.1583
0.158211
0.158121
0.158029
0.157935
0.15784
0.157744
0.157646
0.157546
0.157445
0.157342
0.157238
0.157132
0.157024
0.156916
0.156806
0.156694
0.156581
0.156466
0.15635
0.156233
0.156114
0.155994
0.155872
0.155749
0.155625
0.155499
0.155372
0.155244
0.155114
0.154983
0.154851
0.154717
0.154583
0.154447
0.154309
0.15417
0.154031
0.153889
0.153747
0.153604
0.153459
0.153313
0.153166
0.153018
0.152868
0.152718
0.152566
0.152413
0.152259
0.152104
0.151948
0.151791
0.151632
0.151473
0.151312
0.151151
0.150988
0.150825
0.15066
0.150495
0.150328
0.150161
0.149992
0.149823
0.149652
0.149481
0.149309
0.149135
0.148961
0.148786
0.14861
0.148434
0.148256
0.148078
0.147898
0.147718
0.147537
0.147355
0.147173
0.146989
0.146805
0.14662
0.146434
0.146248
0.14606
0.145872
0.145684
0.145494
0.145304
0.145113
0.144922
0.14473
0.144537
0.144343
0.144149
0.143955
0.143759
0.143563
0.143367
0.14317
0.142972
0.142774
0.142575
0.142375
0.142175
0.141975
0.141774
0.141572
0.14137
0.141168
0.140965
0.140761
0.140558
0.140353
0.140148
0.139943
0.139738
0.139532
0.139325
0.139118
0.138911
0.138704
0.138496
0.138288
0.138079
0.13787
0.137661
0.137451
0.137241
0.137031
0.136821
0.13661
0.136399
0.136188
0.135977
0.135765
0.135554
0.135341
0.135129
0.134917
0.134704
0.134492
0.134279
0.134066
0.133852
0.133639
0.133426
0.133212
0.132999
0.132785
0.132571
0.132357
0.132143
0.131929
0.131715
0.131501
0.131287
0.131073
0.130859
0.130645
0.130431
0.130217
0.130003
0.129789
0.129575
0.129362
0.129148
0.128934
0.128721
0.128507
0.128294
0.128081
0.127868
0.127655
0.127442
0.12723
0.127017
0.126805
0.126593
0.126381
0.126169
0.125958
0.125747
0.125536
0.125325
0.125115
0.124905
0.124695
0.124485
0.124276
0.124067
0.123858
0.12365
0.123442
0.123234
0.123027
0.12282
0.122613
0.122407
0.122201
0.121996
0.121791
0.121586
0.121382
0.121178
0.120974
0.120772
0.120569
0.120367
0.120166
0.119965
0.119764
0.119564
0.119364
0.119165
0.118967
0.118769
0.118572
0.118375
0.118178
0.117983
0.117788
0.117593
0.117399
0.117206
0.117013
0.116821
0.116629
0.116439
0.116248
0.116059
0.11587
0.115682
0.115494
0.115308
0.115121
0.114936
0.114751
0.114567
0.114384
0.114202
0.11402
0.113839
0.113659
0.113479
0.113301
0.113123
0.112946
0.112769
0.112594
0.112419
0.112245
0.112073
0.1119
0.111729
0.111559
0.111389
0.111221
0.111053
0.110886
0.11072
0.110555
0.110391
0.110228
0.110065
0.109904
0.109744
0.109584
0.109426
0.109268
0.109112
0.108956
0.108802
0.108648
0.108496
0.108344
0.108194
0.108044
0.107896
0.107748
0.107602
0.107457
0.107313
0.10717
0.107028
0.106887
0.106747
0.106608
0.106471
0.106334
0.106199
0.106065
0.105931
0.1058
0.105669
0.105539
0.105411
0.105283
0.105157
0.105033
0.104909
0.104786
0.104665
0.104545
0.104426
0.104309
0.104192
0.104077
0.103963
0.103851
0.103739
0.103629
0.103521
0.103413
0.103307
0.103202
0.103099
0.102996
0.102895
0.102796
0.102697
0.1026
0.102505
0.102411
0.102318
0.102226
0.102136
0.102047
0.10196
0.101874
0.101789
0.101706
0.101624
0.101544
0.101465
0.101387
0.101311
0.101237
0.101163
0.101092
0.101021
0.100952
0.100885
0.100819
0.100755
0.100692
0.10063
0.10057
0.100512
0.100455
0.1004
0.100346
0.100293
0.100242
0.100193
0.100145
0.100099
0.100054
0.100011
0.0999698
0.0999298
0.0998914
0.0998546
0.0998194
0.0997857
0.0997537
0.0997233
0.0996944
0.0996672
0.0996416
0.0996177
0.0995953
0.0995746
0.0995555
0.0995381
0.0995223
0.0995082
0.0994957
0.0994849
0.0994758
0.0994683
0.0994625
0.0994585
0.099456
0.0994553
0.0994563
0.099459
0.0994634
0.0994695
0.0994773
0.0994869
0.0994981
0.0995111
0.0995259
0.0995423
0.0995606
0.0995805
0.0996023
0.0996257
0.099651
0.099678
0.0997068
0.0997373
0.0997697
0.0998038
0.0998397
0.0998774
0.0999169
0.0999582
0.100001
0.100046
0.100093
0.100141
0.100192
0.100244
0.100298
0.100354
0.100412
0.100471
0.100533
0.100596
0.100661
0.100728
0.100797
0.100867
0.10094
0.101014
0.10109
0.101169
0.101249
0.10133
0.101414
0.1015
0.101588
0.101677
0.101768
0.101862
0.101957
0.102054
0.102153
0.102254
0.102357
0.102462
0.102569
0.102677
0.102788
0.1029
0.103015
0.103131
0.10325
0.10337
0.103492
0.103617
0.103743
0.103871
0.104001
0.104133
0.104267
0.104403
0.104542
0.104682
0.104824
0.104968
0.105113
0.105261
0.105411
0.105563
0.105717
0.105873
0.106031
0.106191
0.106353
0.106517
0.106683
0.106851
0.107021
0.107193
0.107367
0.107544
0.107722
0.107902
0.108084
0.108268
0.108455
0.108643
0.108833
0.109026
0.10922
0.109416
0.109615
0.109816
0.110018
0.110223
0.11043
0.110638
0.110849
0.111062
0.111277
0.111494
0.111713
0.111935
0.112158
0.112383
0.112611
0.11284
0.113072
0.113305
0.113541
0.113779
0.114019
0.114261
0.114505
0.114751
0.114999
0.115249
0.115502
0.115756
0.116013
0.116272
0.116532
0.116795
0.11706
0.117327
0.117596
0.117868
0.118141
0.118417
0.118694
0.118974
0.119256
0.119539
0.119825
0.120114
0.120404
0.120696
0.120991
0.121287
0.121586
0.121887
0.122189
0.122495
0.122802
0.123111
0.123422
0.123736
0.124051
0.124369
0.124689
0.125011
0.125335
0.125661
0.125989
0.12632
0.126652
0.126987
0.127324
0.127663
0.128004
0.128347
0.128692
0.129039
0.129389
0.12974
0.130094
0.13045
0.130808
0.131168
0.13153
0.131895
0.132261
0.13263
0.133001
0.133373
0.133748
0.134125
0.134505
0.134886
0.135269
0.135655
0.136042
0.136432
0.136824
0.137218
0.137614
0.138013
0.138413
0.138815
0.13922
0.139627
0.140036
0.140446
0.140859
0.141275
0.141692
0.142111
0.142533
0.142956
0.143382
0.14381
0.14424
0.144672
0.145106
0.145542
0.14598
0.146421
0.146863
0.147308
0.147755
0.148203
0.148654
0.149107
0.149562
0.15002
0.150479
0.15094
0.151404
0.151869
0.152337
0.152807
0.153278
0.153752
0.154228
0.154706
0.155186
0.155669
0.156153
0.156639
0.157127
0.157618
0.15811
0.158605
0.159102
0.1596
0.160101
0.160604
0.161109
0.161616
0.162125
0.162636
0.163149
0.163664
0.164182
0.164701
0.165222
0.165745
0.166271
0.166798
0.167328
0.167859
0.168393
0.168928
0.169466
0.170005
0.170547
0.171091
0.171636
0.172184
0.172734
0.173285
0.173839
0.174395
0.174952
0.175512
0.176074
0.176638
0.177203
0.177771
0.178341
0.178912
0.179486
0.180062
0.180639
0.181219
0.1818
0.182384
0.182969
0.183557
0.184146
0.184738
0.185331
0.185926
0.186524
0.187123
0.187724
0.188327
0.188932
0.189539
0.190148
0.190759
0.191372
0.191987
0.192603
0.193222
0.193842
0.194465
0.195089
0.195715
0.196343
0.196973
0.197605
0.198239
0.198875
0.199512
0.200152
0.200793
0.201436
0.202082
0.202729
0.203378
0.204028
0.204681
0.205335
0.205992
0.20665
0.20731
0.207972
0.208635
0.209301
0.209968
0.210638
0.211309
0.211982
0.212656
0.213333
0.214011
0.214691
0.215373
0.216057
0.216743
0.21743
0.218119
0.21881
0.219503
0.220197
0.220893
0.221591
0.222291
0.222993
0.223696
0.224401
0.225108
0.225817
0.226527
0.227239
0.227953
0.228669
0.229386
0.230105
0.230826
0.231548
0.232272
0.232998
0.233726
0.234455
0.235186
0.235919
0.236653
0.237389
0.238127
0.238866
0.239607
0.24035
0.241094
0.24184
0.242588
0.243337
0.244088
0.244841
0.245595
0.246351
0.247109
0.247868
0.248629
0.249391
0.250155
0.250921
0.251688
0.252457
0.253227
0.253999
0.254773
0.255548
0.256325
0.257103
0.257883
0.258664
0.259447
0.260231
0.261017
0.261805
0.262594
0.263385
0.264177
0.264971
0.265766
0.266563
0.267361
0.26816
0.268962
0.269764
0.270568
0.271374
0.272181
0.27299
0.2738
0.274611
0.275424
0.276239
0.277055
0.277872
0.278691
0.279511
0.280333
0.281156
0.28198
0.282806
0.283633
0.284462
0.285292
0.286123
0.286956
0.28779
0.288626
0.289463
0.290301
0.291141
0.291982
0.292824
0.293668
0.294513
0.295359
0.296207
0.297056
0.297906
0.298758
0.29961
0.300465
0.30132
0.302177
0.303035
0.303894
0.304755
0.305617
0.30648
0.307344
0.30821
0.309077
0.309945
0.310814
0.311685
0.312557
0.31343
0.314304
0.315179
0.316056
0.316934
0.317812
0.318693
0.319574
0.320456
0.32134
0.322225
0.323111
0.323998
0.324886
0.325776
0.326666
0.327558
0.32845
0.329344
0.330239
0.331135
0.332032
0.33293
0.33383
0.33473
0.335632
0.336534
0.337438
0.338342
0.339248
0.340155
0.341062
0.341971
0.342881
0.343791
0.344703
0.345616
0.34653
0.347445
0.34836
0.349277
0.350195
0.351113
0.352033
0.352954
0.353875
0.354797
0.355721
0.356645
0.35757
0.358497
0.359424
0.360352
0.36128
0.36221
0.363141
0.364072
0.365005
0.365938
0.366872
0.367807
0.368743
0.369679
0.370617
0.371555
0.372494
0.373434
0.374375
0.375316
0.376259
0.377202
0.378146
0.379091
0.380036
0.380982
0.381929
0.382877
0.383825
0.384775
0.385725
0.386675
0.387627
0.388579
0.389531
0.390485
0.391439
0.392394
0.39335
0.394306
0.395263
0.39622
0.397178
0.398137
0.399097
0.400057
0.401018
0.401979
0.402941
0.403903
0.404867
0.40583
0.406795
0.40776
0.408725
0.409691
0.410658
0.411625
0.412593
0.413561
0.41453
0.415499
0.416469
0.41744
0.41841
0.419382
0.420354
0.421326
0.422299
0.423272
0.424246
0.42522
0.426195
0.42717
0.428146
0.429122
0.430098
0.431075
0.432052
0.43303
0.434008
0.434987
0.435965
0.436945
0.437924
0.438904
0.439885
0.440865
0.441846
0.442828
0.443809
0.444791
0.445774
0.446756
0.447739
0.448723
0.449706
0.45069
0.451674
0.452659
0.453643
0.454628
0.455613
0.456599
0.457584
0.45857
0.459556
0.460542
0.461529
0.462516
0.463502
0.46449
0.465477
0.466464
0.467452
0.46844
0.469427
0.470416
0.471404
0.472392
0.47338
0.474369
0.475358
0.476347
0.477335
0.478324
0.479313
0.480303
0.481292
0.482281
0.48327
0.48426
0.485249
0.486239
0.487228
0.488218
0.489207
0.490197
0.491186
0.492176
0.493165
0.494155
0.495144
0.496133
0.497123
0.498112
0.499101
0.500091
0.50108
0.502069
0.503058
0.504047
0.505035
0.506024
0.507013
0.508001
0.508989
0.509978
0.510966
0.511954
0.512941
0.513929
0.514916
0.515904
0.516891
0.517878
0.518864
0.519851
0.520837
0.521823
0.522809
0.523795
0.52478
0.525765
0.52675
0.527735
0.528719
0.529703
0.530687
0.531671
0.532654
0.533637
0.534619
0.535602
0.536584
0.537565
0.538547
0.539528
0.540508
0.541489
0.542469
0.543448
0.544427
0.545406
0.546385
0.547363
0.54834
0.549318
0.550294
0.551271
0.552247
0.553222
0.554197
0.555172
0.556146
0.55712
0.558093
0.559066
0.560038
0.56101
0.561981
0.562952
0.563922
0.564892
0.565861
0.56683
0.567798
0.568765
0.569732
0.570699
0.571665
0.57263
0.573595
0.574559
0.575522
0.576485
0.577448
0.578409
0.57937
0.580331
0.581291
0.58225
0.583208
0.584166
0.585124
0.58608
0.587036
0.587991
0.588946
0.589899
0.590853
0.591805
0.592757
0.593708
0.594658
0.595607
0.596556
0.597504
0.598451
0.599398
0.600343
0.601288
0.602232
0.603176
0.604118
0.60506
0.606001
0.606941
0.60788
0.608819
0.609756
0.610693
0.611629
0.612564
0.613498
0.614431
0.615364
0.616295
0.617226
0.618156
0.619084
0.620012
0.620939
0.621865
0.622791
0.623715
0.624638
0.62556
0.626482
0.627402
0.628321
0.62924
0.630157
0.631074
0.631989
0.632904
0.633817
0.63473
0.635641
0.636551
0.637461
0.638369
0.639276
0.640182
0.641088
0.641992
0.642895
0.643797
0.644697
0.645597
0.646496
0.647393
0.64829
0.649185
0.650079
0.650972
0.651864
0.652755
0.653644
0.654533
0.65542
0.656306
0.657191
0.658075
0.658957
0.659839
0.660719
0.661598
0.662475
0.663352
0.664227
0.665101
0.665974
0.666845
0.667716
0.668585
0.669452
0.670319
0.671184
0.672048
0.672911
0.673772
0.674632
0.675491
0.676348
0.677204
0.678059
0.678913
0.679765
0.680616
0.681465
0.682313
0.68316
0.684005
0.684849
0.685692
0.686533
0.687373
0.688211
0.689048
0.689883
0.690718
0.69155
0.692382
0.693212
0.69404
0.694867
0.695692
0.696517
0.697339
0.69816
0.69898
0.699798
0.700615
0.70143
0.702244
0.703056
0.703867
0.704676
0.705483
0.706289
0.707094
0.707897
0.708699
0.709499
0.710297
0.711094
0.711889
0.712683
0.713475
0.714265
0.715054
0.715842
0.716627
0.717411
0.718194
0.718975
0.719754
0.720532
0.721308
0.722082
0.722855
0.723626
0.724395
0.725163
0.725929
0.726693
0.727456
0.728217
0.728976
0.729734
0.73049
0.731244
0.731997
0.732747
0.733496
0.734244
0.734989
0.735733
0.736475
0.737216
0.737954
0.738691
0.739426
0.74016
0.740891
0.741621
0.742349
0.743075
0.7438
0.744522
0.745243
0.745962
0.746679
0.747394
0.748108
0.74882
0.749529
0.750237
0.750943
0.751648
0.75235
0.753051
0.753749
0.754446
0.755141
0.755834
0.756525
0.757215
0.757902
0.758588
0.759271
0.759953
0.760633
0.76131
0.761986
0.76266
0.763332
0.764002
0.76467
0.765337
0.766001
0.766663
0.767323
0.767982
0.768638
0.769292
0.769945
0.770595
0.771244
0.77189
0.772534
0.773177
0.773817
0.774456
0.775092
0.775726
0.776359
0.776989
0.777617
0.778243
0.778867
0.779489
0.780109
0.780727
0.781343
0.781957
0.782569
0.783178
0.783786
0.784392
0.784995
0.785596
0.786195
0.786793
0.787388
0.78798
0.788571
0.78916
0.789746
0.790331
0.790913
0.791493
0.792071
0.792647
0.79322
0.793792
0.794361
0.794928
0.795493
0.796056
0.796617
0.797175
0.797732
0.798286
0.798838
0.799388
0.799935
0.80048
0.801024
0.801564
0.802103
0.80264
0.803174
0.803706
0.804236
0.804763
0.805289
0.805812
0.806332
0.806851
0.807367
0.807881
0.808393
0.808903
0.80941
0.809915
0.810418
0.810918
0.811417
0.811912
0.812406
0.812897
0.813386
0.813873
0.814357
0.81484
0.815319
0.815797
0.816272
0.816745
0.817215
0.817684
0.818149
0.818613
0.819074
0.819533
0.81999
0.820444
0.820896
0.821345
0.821792
0.822237
0.822679
0.823119
0.823557
0.823992
0.824425
0.824856
0.825284
0.82571
0.826133
0.826554
0.826972
0.827389
0.827802
0.828214
0.828623
0.829029
0.829434
0.829835
0.830235
0.830632
0.831026
0.831418
0.831808
0.832195
0.83258
0.832962
0.833342
0.833719
0.834094
0.834467
0.834837
0.835205
0.83557
0.835933
0.836293
0.836651
0.837006
0.837359
0.837709
0.838057
0.838403
0.838746
0.839086
0.839424
0.83976
0.840093
0.840424
0.840752
0.841077
0.8414
0.841721
0.842039
0.842354
0.842668
0.842978
0.843286
0.843592
0.843895
0.844195
0.844493
0.844789
0.845082
0.845372
0.84566
0.845945
0.846228
0.846508
0.846786
0.847061
0.847334
0.847604
0.847872
0.848137
0.848399
0.848659
0.848916
0.849171
0.849424
0.849673
0.84992
0.850165
0.850407
0.850647
0.850884
0.851118
0.85135
0.851579
0.851805
0.85203
0.852251
0.85247
0.852686
0.8529
0.853111
0.85332
0.853526
0.853729
0.85393
0.854128
0.854324
0.854517
0.854707
0.854895
0.85508
0.855263
0.855443
0.855621
0.855796
0.855968
0.856137
0.856305
0.856469
0.856631
0.85679
0.856947
0.857101
0.857252
0.857401
0.857547
0.857691
0.857832
0.85797
0.858106
0.858239
0.858369
0.858497
0.858622
0.858745
0.858865
0.858982
0.859097
0.859209
0.859319
0.859425
0.85953
0.859631
0.85973
0.859826
0.85992
0.860011
0.8601
0.860186
0.860269
0.860349
0.860427
0.860502
0.860575
0.860645
0.860712
0.860777
0.860839
0.860899
0.860955
0.86101
0.861061
0.86111
0.861156
0.8612
0.861241
0.861279
0.861315
0.861348
0.861378
0.861406
0.861431
0.861454
0.861473
0.861491
0.861505
0.861517
0.861526
0.861533
0.861537
0.861538
0.861537
0.861533
0.861526
0.861517
0.861505
0.861491
0.861473
0.861454
0.861431
0.861406
0.861378
0.861348
0.861315
0.861279
0.861241
0.8612
0.861156
0.86111
0.861061
0.86101
0.860955
0.860899
0.860839
0.860777
0.860712
0.860645
0.860575
0.860502
0.860427
0.860349
0.860269
0.860186
0.8601
0.860011
0.85992
0.859826
0.85973
0.859631
0.85953
0.859425
0.859319
0.859209
0.859097
0.858982
0.858865
0.858745
0.858622
0.858497
0.858369
0.858239
0.858106
0.85797
0.857832
0.857691
0.857547
0.857401
0.857252
0.857101
0.856947
0.85679
0.856631
0.856469
0.856305
0.856137
0.855968
0.855796
0.855621
0.855443
0.855263
0.85508
0.854895
0.854707
0.854517
0.854324
0.854128
0.85393
0.853729
0.853526
0.85332
0.853111
0.8529
0.852686
0.85247
0.852251
0.85203
0.851805
0.851579
0.85135
0.851118
0.850884
0.850647
0.850407
0.850165
0.84992
0.849673
0.849424
0.849171
0.848916
0.848659
0.848399
0.848137
0.847872
0.847604
0.847334
0.847061
0.846786
0.846508
0.846228
0.845945
0.84566
0.845372
0.845082
0.844789
0.844493
0.844195
0.843895
0.843592
0.843286
0.842978
0.842668
0.842354
0.842039
0.841721
0.8414
0.841077
0.840752
0.840424
0.840093
0.83976
0.839424
0.839086
0.838746
0.838403
0.838057
0.837709
0.837359
0.837006
0.836651
0.836293
0.835933
0.83557
0.835205
0.834837
0.834467
0.834094
0.833719
0.833342
0.832962
0.83258
0.832195
0.831808
0.831418
0.831026
0.830632
0.830235
0.829835
0.829434
0.829029
0.828623
0.828214
0.827802
0.827389
0.826972
0.826554
0.826133
0.82571
0.825284
0.824856
0.824425
0.823992
0.823557
0.823119
0.822679
0.822237
0.821792
0.821345
0.820896
0.820444
0.81999
0.819533
0.819074
0.818613
0.818149
0.817684
0.817215
0.816745
0.816272
0.815797
0.815319
0.81484
0.814357
0.813873
0.813386
0.812897
0.812406
0.811912
0.811417
0.810918
0.810418
0.809915
0.80941
0.808903
0.808393
0.807881
0.807367
0.806851
0.806332
0.805812
0.805289
0.804763
0.804236
0.803706
0.803174
0.80264
0.802103
0.801564
0.801024
0.80048
0.799935
0.799388
0.798838
0.798286
0.797732
0.797175
0.796617
0.796056
0.795493
0.794928
0.794361
0.793792
0.79322
0.792647
0.792071
0.791493
0.790913
0.790331
0.789746
0.78916
0.788571
0.78798
0.787388
0.786793
0.786195
0.785596
0.784995
0.784392
0.783786
0.783178
0.782569
0.781957
0.781343
0.780727
0.780109
0.779489
0.778867
0.778243
0.777617
0.776989
0.776359
0.775726
0.775092
0.774456
0.773817
0.773177
0.772534
0.77189
0.771244
0.770595
0.769945
0.769292
0.768638
0.767982
0.767323
0.766663
0.766001
0.765337
0.76467
0.764002
0.763332
0.76266
0.761986
0.76131
0.760633
0.759953
0.759271
0.758588
0.757902
0.757215
0.756525
0.755834
0.755141
0.754446
0.753749
0.753051
0.75235
0.751648
0.750943
0.750237
0.749529
0.74882
0.748108
0.747394
0.746679
0.745962
0.745243
0.744522
0.7438
0.743075
0.742349
0.741621
0.740891
0.74016
0.739426
0.738691
0.737954
0.737216
0.736475
0.735733
0.734989
0.734244
0.733496
0.732747
0.731997
0.731244
0.73049
0.729734
0.728976
0.728217
0.727456
0.726693
0.725929
0.725163
0.724395
0.723626
0.722855
0.722082
0.721308
0.720532
0.719754
0.718975
0.718194
0.717411
0.716627
0.715842
0.715054
0.714265
0.713475
0.712683
0.711889
0.711094
0.710297
0.709499
0.708699
0.707897
0.707094
0.706289
0.705483
0.704676
0.703867
0.703056
0.702244
0.70143
0.700615
0.699798
0.69898
0.69816
0.697339
0.696517
0.695692
0.694867
0.69404
0.693212
0.692382
0.69155
0.690718
0.689883
0.689048
0.688211
0.687373
0.686533
0.685692
0.684849
0.684005
0.68316
0.682313
0.681465
0.680616
0.679765
0.678913
0.678059
0.677204
0.676348
0.675491
0.674632
0.673772
0.672911
0.672048
0.671184
0.670319
0.669452
0.668585
0.667716
0.666845
0.665974
0.665101
0.664227
0.663352
0.662475
0.661598
0.660719
0.659839
0.658957
0.658075
0.657191
0.656306
0.65542
0.654533
0.653644
0.652755
0.651864
0.650972
0.650079
0.649185
0.64829
0.647393
0.646496
0.645597
0.644697
0.643797
0.642895
0.641992
0.641088
0.640182
0.639276
0.638369
0.637461
0.636551
0.635641
0.63473
0.633817
0.632904
0.631989
0.631074
0.630157
0.62924
0.628321
0.627402
0.626482
0.62556
0.624638
0.623715
0.622791
0.621865
0.620939
0.620012
0.619084
0.618156
0.617226
0.616295
0.615364
0.614431
0.613498
0.612564
0.611629
0.610693
0.609756
0.608819
0.60788
0.606941
0.606001
0.60506
0.604118
0.603176
0.602232
0.601288
0.600343
0.599398
0.598451
0.597504
0.596556
0.595607
0.594658
0.593708
0.592757
0.591805
0.590853
0.589899
0.588946
0.587991
0.587036
0.58608
0.585124
0.584166
0.583208
0.58225
0.581291
0.580331
0.57937
0.578409
0.577448
0.576485
0.575522
0.574559
0.573595
0.57263
0.571665
0.570699
0.569732
0.568765
0.567798
0.56683
0.565861
0.564892
0.563922
0.562952
0.561981
0.56101
0.560038
0.559066
0.558093
0.55712
0.556146
0.555172
0.554197
0.553222
0.552247
0.551271
0.550294
0.549318
0.54834
0.547363
0.546385
0.545406
0.544427
0.543448
0.542469
0.541489
0.540508
0.539528
0.538547
0.537565
0.536584
0.535602
0.534619
0.533637
0.532654
0.531671
0.530687
0.529703
0.528719
0.527735
0.52675
0.525765
0.52478
0.523795
0.522809
0.521823
0.520837
0.519851
0.518864
0.517878
0.516891
0.515904
0.514916
0.513929
0.512941
0.511954
0.510966
0.509978
0.508989
0.508001
0.507013
0.506024
0.505035
0.504047
0.503058
0.502069
0.50108
0.500091
0.499101
0.498112
0.497123
0.496133
0.495144
0.494155
0.493165
0.492176
0.491186
0.490197
0.489207
0.488218
0.487228
0.486239
0.485249
0.48426
0.48327
0.482281
0.481292
0.480303
0.479313
0.478324
0.477335
0.476347
0.475358
0.474369
0.47338
0.472392
0.471404
0.470416
0.469427
0.46844
0.467452
0.466464
0.465477
0.46449
0.463502
0.462516
0.461529
0.460542
0.459556
0.45857
0.457584
0.456599
0.455613
0.454628
0.453643
0.452659
0.451674
0.45069
0.449706
0.448723
0.447739
0.446756
0.445774
0.444791
0.443809
0.442828
0.441846
0.440865
0.439885
0.438904
0.437924
0.436945
0.435965
0.434987
0.434008
0.43303
0.432052
0.431075
0.430098
0.429122
0.428146
0.42717
0.426195
0.42522
0.424246
0.423272
0.422299
0.421326
0.420354
0.419382
0.41841
0.41744
0.416469
0.415499
0.41453
0.413561
0.412593
0.411625
0.410658
0.409691
0.408725
0.40776
0.406795
0.40583
0.404867
0.403903
0.402941
0.401979
0.401018
0.400057
0.399097
0.398137
0.397178
0.39622
0.395263
0.394306
0.39335
0.392394
0.391439
0.390485
0.389531
0.388579
0.387627
0.386675
0.385725
0.384775
0.383825
0.382877
0.381929
0.380982
0.380036
0.379091
0.378146
0.377202
0.376259
0.375316
0.374375
0.373434
0.372494
0.371555
0.370617
0.369679
0.368743
0.367807
0.366872
0.365938
0.365005
0.364072
0.363141
0.36221
0.36128
0.360352
0.359424
0.358497
0.35757
0.356645
0.355721
0.354797
0.353875
0.352954
0.352033
0.351113
0.350195
0.349277
0.34836
0.347445
0.34653
0.345616
0.344703
0.343791
0.342881
0.341971
0.341062
0.340155
0.339248
0.338342
0.337438
0.336534
0.335632
0.33473
0.33383
0.33293
0.332032
0.331135
0.330239
0.329344
0.32845
0.327558
0.326666
0.325776
0.324886
0.323998
0.323111
0.322225
0.32134
0.320456
0.319574
0.318693
0.317812
0.316934
0.316056
0.315179
0.314304
0.31343
0.312557
0.311685
0.310814
0.309945
0.309077
0.30821
0.307344
0.30648
0.305617
0.304755
0.303894
0.303035
0.302177
0.30132
0.300465
0.29961
0.298758
0.297906
0.297056
0.296207
0.295359
0.294513
0.293668
0.292824
0.291982
0.291141
0.290301
0.289463
0.288626
0.28779
0.286956
0.286123
0.285292
0.284462
0.283633
0.282806
0.28198
0.281156
0.280333
0.279511
0.278691
0.277872
0.277055
0.276239
0.275424
0.274611
0.2738
0.27299
0.272181
0.271374
0.270568
0.269764
0.268962
0.26816
0.267361
0.266563
0.265766
0.264971
0.264177
0.263385
0.262594
0.261805
0.261017
0.260231
0.259447
0.258664
0.257883
0.257103
0.256325
0.255548
0.254773
0.253999
0.253227
0.252457
0.251688
0.250921
0.250155
0.249391
0.248629
0.247868
0.247109
0.246351
0.245595
0.244841
0.244088
0.243337
0.242588
0.24184
0.241094
0.24035
0.239607
0.238866
0.238127
0.237389
0.236653
0.235919
0.235186
0.234455
0.233726
0.232998
0.232272
0.231548
0.230826
0.230105
0.229386
0.228669
0.227953
0.227239
0.226527
0.225817
0.225108
0.224401
0.223696
0.222993
0.222291
0.221591
0.220893
0.220197
0.219503
0.21881
0.218119
0.21743
0.216743
0.216057
0.215373
0.214691
0.214011
0.213333
0.212656
0.211982
0.211309
0.210638
0.209968
0.209301
0.208635
0.207972
0.20731
0.20665
0.205992
0.205335
0.204681
0.204028
0.203378
0.202729
0.202082
0.201436
0.200793
0.200152
0.199512
0.198875
0.198239
0.197605
0.196973
0.196343
0.195715
0.195089
0.194465
0.193842
0.193222
0.192603
0.191987
0.191372
0.190759
0.190148
0.189539
0.188932
0.188327
0.187724
0.187123
0.186524
0.185926
0.185331
0.184738
0.184146
0.183557
0.182969
0.182384
0.1818
0.181219
0.180639
0.180062
0.179486
0.178912
0.178341
0.177771
0.177203
0.176638
0.176074
0.175512
0.174952
0.174395
0.173839
0.173285
0.172734
0.172184
0.171636
0.171091
0.170547
0.170005
0.169466
0.168928
0.168393
0.167859
0.167328
0.166798
0.166271
0.165745
0.165222
0.164701
0.164182
0.163664
0.163149
0.162636
0.162125
0.161616
0.161109
0.160604
0.160101
0.1596
0.159102
0.158605
0.15811
0.157618
0.157127
0.156639
0.156153
0.155669
0.155186
0.154706
0.154228
0.153752
0.153278
0.152807
0.152337
0.151869
0.151404
0.15094
0.150479
0.15002
0.149562
0.149107
0.148654
0.148203
0.147755
0.147308
0.146863
0.146421
0.14598
0.145542
0.145106
0.144672
0.14424
0.14381
0.143382
0.142956
0.142533
0.142111
0.141692
0.141275
0.140859
0.140446
0.140036
0.139627
0.13922
0.138815
0.138413
0.138013
0.137614
0.137218
0.136824
0.136432
0.136042
0.135655
0.135269
0.134886
0.134505
0.134125
0.133748
0.133373
0.133001
0.13263
0.132261
0.131895
0.13153
0.131168
0.130808
0.13045
0.130094
0.12974
0.129389
0.129039
0.128692
0.128347
0.128004
0.127663
0.127324
0.126987
0.126652
0.12632
0.125989
0.125661
0.125335
0.125011
0.124689
0.124369
0.124051
0.123736
0.123422
0.123111
0.122802
0.122495
0.122189
0.121887
0.121586
0.121287
0.120991
0.120696
0.120404
0.120114
0.119825
0.119539
0.119256
0.118974
0.118694
0.118417
0.118141
0.117868
0.117596
0.117327
0.11706
0.116795
0.116532
0.116272
0.116013
0.115756
0.115502
0.115249
0.114999
0.114751
0.114505
0.114261
0.114019
0.113779
0.113541
0.113305
0.113072
0.11284
0.112611
0.112383
0.112158
0.111935
0.111713
0.111494
0.111277
0.111062
0.110849
0.110638
0.11043
0.110223
0.110018
0.109816
0.109615
0.109416
0.10922
0.109026
0.108833
0.108643
0.108455
0.108268
0.108084
0.107902
0.107722
0.107544
0.107367
0.107193
0.107021
0.106851
0.106683
0.106517
0.106353
0.106191
0.106031
0.105873
0.105717
0.105563
0.105411
0.105261
0.105113
0.104968
0.104824
0.104682
0.104542
0.104403
0.104267
0.104133
0.104001
0.103871
0.103743
0.103617
0.103492
0.10337
0.10325
0.103131
0.103015
0.1029
0.102788
0.102677
0.102569
0.102462
0.102357
0.102254
0.102153
0.102054
0.101957
0.101862
0.101768
0.101677
0.101588
0.1015
0.101414
0.10133
0.101249
0.101169
0.10109
0.101014
0.10094
0.100867
0.100797
0.100728
0.100661
0.100596
0.100533
0.100471
0.100412
0.100354
0.100298
0.100244
0.100192
0.100141
0.100093
0.100046
0.100001
0.0999582
0.0999169
0.0998774
0.0998397
0.0998038
0.0997697
0.0997373
0.0997068
0.099678
0.099651
0.0996257
0.0996023
0.0995805
0.0995606
0.0995423
0.0995259
0.0995111
0.0994981
0.0994869
0.0994773
0.0994695
0.0994634
0.099459
0.0994563
0.0994553
0.099456
0.0994585
0.0994625
0.0994683
0.0994758
0.0994849
0.0994957
0.0995082
0.0995223
0.0995381
0.0995555
0.0995746
0.0995953
0.0996177
0.0996416
0.0996672
0.0996944
0.0997233
0.0997537
0.0997857
0.0998194
0.0998546
0.0998914
0.0999298
0.0999698
0.100011
0.100054
0.100099
0.100145
0.100193
0.100242
0.100293
0.100346
0.1004
0.100455
0.100512
0.10057
0.10063
0.100692
0.100755
0.100819
0.100885
0.100952
0.101021
0.101092
0.101163
0.101237
0.101311
0.101387
0.101465
0.101544
0.101624
0.101706
0.101789
0.101874
0.10196
0.102047
0.102136
0.102226
0.102318
0.102411
0.102505
0.1026
0.102697
0.102796
0.102895
0.102996
0.103099
0.103202
0.103307
0.103413
0.103521
0.103629
0.103739
0.103851
0.103963
0.104077
0.104192
0.104309
0.104426
0.104545
0.104665
0.104786
0.104909
0.105033
0.105157
0.105283
0.105411
0.105539
0.105669
0.1058
0.105931
0.106065
0.106199
0.106334
0.106471
0.106608
0.106747
0.106887
0.107028
0.10717
0.107313
0.107457
0.107602
0.107748
0.107896
0.108044
0.108194
0.108344
0.108496
0.108648
0.108802
0.108956
0.109112
0.109268
0.109426
0.109584
0.109744
0.109904
0.110065
0.110228
0.110391
0.110555
0.11072
0.110886
0.111053
0.111221
0.111389
0.111559
0.111729
0.1119
0.112073
0.112245
0.112419
0.112594
0.112769
0.112946
0.113123
0.113301
0.113479
0.113659
0.113839
0.11402
0.114202
0.114384
0.114567
0.114751
0.114936
0.115121
0.115308
0.115494
0.115682
0.11587
0.116059
0.116248
0.116439
0.116629
0.116821
0.117013
0.117206
0.117399
0.117593
0.117788
0.117983
0.118178
0.118375
0.118572
0.118769
0.118967
0.119165
0.119364
0.119564
0.119764
0.119965
0.120166
0.120367
0.120569
0.120772
0.120974
0.121178
0.121382
0.121586
0.121791
0.121996
0.122201
0.122407
0.122613
0.12282
0.123027
0.123234
0.123442
0.12365
0.123858
0.124067
0.124276
0.124485
0.124695
0.124905
0.125115
0.125325
0.125536
0.125747
0.125958
0.126169
0.126381
0.126593
0.126805
0.127017
0.12723
0.127442
0.127655
0.127868
0.128081
0.128294
0.128507
0.128721
0.128934
0.129148
0.129362
0.129575
0.129789
0.130003
0.130217
0.130431
0.130645
0.130859
0.131073
0.131287
0.131501
0.131715
0.131929
0.132143
0.132357
0.132571
0.132785
0.132999
0.133212
0.133426
0.133639
0.133852
0.134066
0.134279
0.134492
0.134704
0.134917
0.135129
0.135341
0.135554
0.135765
0.135977
0.136188
0.136399
0.13661
0.136821
0.137031
0.137241
0.137451
0.137661
0.13787
0.138079
0.138288
0.138496
0.138704
0.138911
0.139118
0.139325
0.139532
0.139738
0.139943
0.140148
0.140353
0.140558
0.140761
0.140965
0.141168
0.14137
0.141572
0.141774
0.141975
0.142175
0.142375
0.142575
0.142774
0.142972
0.14317
0.143367
0.143563
0.143759
0.143955
0.144149
0.144343
0.144537
0.14473
0.144922
0.145113
0.145304
0.145494
0.145684
0.145872
0.14606
0.146248
0.146434
0.14662
0.146805
0.146989
0.147173
0.147355
0.147537
0.147718
0.147898
0.148078
0.148256
0.148434
0.14861
0.148786
0.148961
0.149135
0.149309
0.149481
0.149652
0.149823
0.149992
0.150161
0.150328
0.150495
0.15066
0.150825
0.150988
0.151151
0.151312
0.151473
0.151632
0.151791
0.151948
0.152104
0.152259
0.152413
0.152566
0.152718
0.152868
0.153018
0.153166
0.153313
0.153459
0.153604
0.153747
0.153889
0.154031
0.15417
0.154309
0.154447
0.154583
0.154717
0.154851
0.154983
0.155114
0.155244
0.155372
0.155499
0.155625
0.155749
0.155872
0.155994
0.156114
0.156233
0.15635
0.156466
0.156581
0.156694
0.156806
0.156916
0.157024
0.157132
0.157238
0.157342
0.157445
0.157546
0.157646
0.157744
0.15784
0.157935
0.158029
0.158121
0.158211
0.1583
0.158387
0.158473
0.158557
0.158639
0.158719
0.158798
0.158876
0.158951
0.159025
0.159097
0.159168
0.159237
0.159304
0.159369
0.159433
0.159494
0.159555
0.159613
0.159669
0.159724
0.159777
0.159828
0.159877
0.159924
0.15997
0.160014
0.160056
0.160095
0.160134
0.16017
0.160204
0.160236
0.160267
0.160295
0.160322
0.160346
0.160369
0.16039
0.160408
0.160425
0.16044
0.160452
0.160463
0.160472
0.160478
0.160483
0.160485
0.160485
0.160484
0.16048
0.160474
0.160466
0.160456
0.160444
0.16043
0.160413
0.160395
0.160374
0.160351
0.160326
0.160298
0.160269
0.160237
0.160203
0.160167
0.160129
0.160088
0.160045
0.16
0.159953
0.159903
0.159851
0.159797
0.15974
0.159681
0.15962
0.159557
0.159491
0.159422
0.159352
0.159279
0.159204
0.159126
0.159046
0.158963
0.158879
0.158791
0.158702
0.158609
0.158515
0.158418
0.158318
0.158216
0.158112
0.158005
0.157896
0.157784
0.157669
0.157552
0.157433
0.157311
0.157187
0.157059
0.15693
0.156798
0.156663
0.156526
0.156386
0.156243
0.156098
0.155951
0.1558
0.155647
0.155492
0.155334
0.155173
0.155009
0.154843
0.154674
0.154503
0.154329
0.154152
0.153972
0.15379
0.153605
0.153417
0.153227
0.153034
0.152838
0.152639
0.152438
0.152234
0.152027
0.151817
0.151605
0.15139
0.151172
0.150951
0.150727
0.150501
0.150271
0.150039
0.149804
0.149567
0.149326
0.149083
0.148836
0.148587
0.148335
0.14808
0.147823
0.147562
0.147298
0.147032
0.146763
0.14649
0.146215
0.145937
0.145656
0.145372
0.145085
0.144795
0.144502
0.144207
0.143908
0.143606
0.143302
0.142994
0.142684
0.14237
0.142053
0.141734
0.141411
0.141086
0.140757
0.140426
0.140091
0.139753
0.139413
0.139069
0.138722
0.138373
0.13802
0.137664
0.137305
0.136943
0.136578
0.13621
0.135839
0.135465
0.135087
0.134707
0.134324
0.133937
0.133547
0.133155
0.132759
0.13236
0.131958
0.131553
0.131144
0.130733
0.130318
0.129901
0.12948
0.129056
0.128629
0.128199
0.127766
0.127329
0.12689
0.126447
0.126001
0.125552
0.1251
0.124645
0.124186
0.123725
0.12326
0.122792
0.122321
0.121847
0.121369
0.120889
0.120405
0.119918
0.119428
0.118934
0.118438
0.117938
0.117436
0.11693
0.11642
0.115908
0.115392
0.114874
0.114352
0.113827
0.113298
0.112767
0.112232
0.111694
0.111153
0.110609
0.110062
0.109511
0.108957
0.1084
0.10784
0.107277
0.10671
0.106141
0.105568
0.104992
0.104412
0.10383
0.103244
0.102655
0.102063
0.101468
0.10087
0.100268
0.0996637
0.0990558
0.0984447
0.0978305
0.0972131
0.0965925
0.0959688
0.0953419
0.0947118
0.0940786
0.0934422
0.0928027
0.09216
0.0915141
0.0908651
0.090213
0.0895577
0.0888993
0.0882378
0.0875731
0.0869052
0.0862343
0.0855602
0.084883
0.0842027
0.0835193
0.0828328
0.0821431
0.0814504
0.0807546
0.0800556
0.0793536
0.0786485
0.0779403
0.077229
0.0765147
0.0757973
0.0750768
0.0743533
0.0736267
0.0728971
0.0721644
0.0714287
0.07069
0.0699482
0.0692034
0.0684556
0.0677048
0.066951
0.0661942
0.0654344
0.0646716
0.0639058
0.0631371
0.0623654
0.0615907
0.0608131
0.0600325
0.059249
0.0584626
0.0576732
0.056881
0.0560858
0.0552877
0.0544867
0.0536829
0.0528761
0.0520665
0.051254
0.0504387
0.0496205
0.0487995
0.0479757
0.047149
0.0463196
0.0454873
0.0446522
0.0438144
0.0429737
0.0421303
0.0412842
0.0404353
0.0395837
0.0387293
0.0378722
0.0370125
0.03615
0.0352848
0.034417
0.0335465
0.0326733
0.0317975
0.0309191
0.030038
0.0291544
0.0282681
0.0273793
0.0264878
0.0255938
0.0246973
0.0237982
0.0228966
0.0219925
0.0210859
0.0201767
0.0192651
0.0183511
0.0174346
0.0165156
0.0155942
0.0146705
0.0137443
0.0128157
0.0118847
0.0109514
0.0100158
0.00907781
0.00813752
0.00719492
0.00625004
0.00530289
0.00435348
0.00340182
0.00244794
0.00149185
0.000533562
-0.000426908
-0.00138954
-0.00235433
-0.00332124
-0.00429028
-0.00526141
-0.00623463
-0.00720992
-0.00818726
-0.00916664
-0.010148
-0.0111314
-0.0121168
-0.0131041
-0.0140934
-0.0150846
-0.0160778
-0.0170728
-0.0180697
-0.0190685
-0.0200691
-0.0210715
-0.0220757
-0.0230817
-0.0240895
-0.025099
-0.0261103
-0.0271232
-0.0281379
-0.0291542
-0.0301721
-0.0311917
-0.0322129
-0.0332356
-0.03426
-0.0352858
-0.0363132
-0.0373421
-0.0383725
-0.0394043
-0.0404376
-0.0414723
-0.0425084
-0.0435458
-0.0445846
-0.0456248
-0.0466662
-0.0477089
-0.0487529
-0.0497981
-0.0508445
-0.0518921
-0.0529409
-0.0539908
-0.0550419
-0.056094
-0.0571472
-0.0582014
-0.0592567
-0.0603129
-0.0613701
-0.0624283
-0.0634874
-0.0645474
-0.0656082
-0.0666699
-0.0677324
-0.0687957
-0.0698597
-0.0709245
-0.07199
-0.0730562
-0.074123
-0.0751905
-0.0762585
-0.0773272
-0.0783964
-0.0794661
-0.0805362
-0.0816069
-0.082678
-0.0837494
-0.0848213
-0.0858935
-0.086966
-0.0880388
-0.0891119
-0.0901851
-0.0912586
-0.0923322
-0.093406
-0.0944799
-0.0955538
-0.0966278
-0.0977018
-0.0987758
-0.0998498
-0.100924
-0.101997
-0.103071
-0.104144
-0.105217
-0.10629
-0.107363
-0.108435
-0.109507
-0.110579
-0.11165
-0.112721
-0.113791
-0.114861
-0.11593
-0.116999
-0.118067
-0.119134
-0.120201
-0.121267
-0.122332
-0.123396
-0.12446
-0.125522
-0.126584
-0.127645
-0.128705
-0.129763
-0.130821
-0.131878
-0.132933
-0.133987
-0.135041
-0.136092
-0.137143
-0.138192
-0.13924
-0.140286
-0.141331
-0.142375
-0.143417
-0.144457
-0.145496
-0.146533
-0.147569
-0.148602
-0.149634
-0.150665
-0.151693
-0.152719
-0.153744
-0.154766
-0.155786
-0.156805
-0.157821
-0.158835
-0.159847
-0.160857
-0.161864
-0.162869
-0.163871
-0.164872
-0.165869
-0.166864
-0.167857
-0.168847
-0.169834
-0.170819
-0.171801
-0.17278
-0.173756
-0.17473
-0.1757
-0.176668
-0.177632
-0.178593
-0.179551
-0.180507
-0.181458
-0.182407
-0.183352
-0.184294
-0.185232
-0.186167
-0.187098
-0.188026
-0.18895
-0.189871
-0.190787
-0.1917
-0.192609
-0.193515
-0.194416
-0.195313
-0.196206
-0.197095
-0.19798
-0.198861
-0.199737
-0.20061
-0.201477
-0.202341
-0.203199
-0.204054
-0.204903
-0.205748
-0.206589
-0.207424
-0.208255
-0.209081
-0.209902
-0.210718
-0.211529
-0.212334
-0.213135
-0.21393
-0.21472
-0.215505
-0.216284
-0.217058
-0.217826
-0.218589
-0.219346
-0.220097
-0.220843
-0.221582
-0.222316
-0.223044
-0.223766
-0.224482
-0.225191
-0.225895
-0.226592
-0.227282
-0.227967
-0.228645
-0.229316
-0.229981
-0.230639
-0.23129
-0.231935
-0.232572
-0.233203
-0.233827
-0.234444
-0.235053
-0.235655
-0.236251
-0.236838
-0.237419
-0.237992
-0.238557
-0.239115
-0.239665
-0.240207
-0.240741
-0.241268
-0.241787
-0.242297
-0.2428
-0.243294
-0.24378
-0.244258
-0.244727
-0.245188
-0.24564
-0.246084
-0.246519
-0.246945
-0.247362
-0.247771
-0.24817
-0.24856
-0.248942
-0.249314
-0.249676
-0.25003
-0.250374
-0.250708
-0.251033
-0.251348
-0.251653
-0.251948
-0.252234
-0.252509
-0.252775
-0.25303
-0.253275
-0.25351
-0.253734
-0.253948
-0.254151
-0.254343
-0.254525
-0.254696
-0.254856
-0.255005
-0.255143
-0.25527
-0.255385
-0.25549
-0.255583
-0.255664
-0.255734
-0.255792
-0.255838
-0.255873
-0.255895
-0.255906
-0.255904
-0.25589
-0.255864
-0.255826
-0.255775
-0.255711
-0.255635
-0.255546
-0.255444
-0.25533
-0.255202
-0.255061
-0.254907
-0.25474
-0.25456
-0.254365
-0.254158
-0.253936
-0.253701
-0.253452
-0.253189
-0.252912
-0.252621
-0.252316
-0.251996
-0.251662
-0.251313
-0.25095
-0.250572
-0.250179
-0.249771
-0.249349
-0.248911
-0.248457
-0.247989
-0.247505
-0.247005
-0.24649
-0.245959
-0.245413
-0.24485
-0.244271
-0.243677
-0.243065
-0.242438
-0.241794
-0.241133
-0.240456
-0.239762
-0.239051
-0.238324
-0.237579
-0.236816
-0.236037
-0.23524
-0.234426
-0.233593
-0.232744
-0.231876
-0.23099
-0.230086
-0.229164
-0.228224
-0.227265
-0.226288
-0.225292
-0.224277
-0.223244
-0.222191
-0.221119
-0.220028
-0.218918
-0.217788
-0.216639
-0.21547
-0.214281
-0.213073
-0.211844
-0.210595
-0.209326
-0.208036
-0.206726
-0.205395
-0.204044
-0.202671
-0.201278
-0.199863
-0.198428
-0.196971
-0.195492
-0.193992
-0.19247
-0.190926
-0.18936
-0.187772
-0.186162
-0.184529
-0.182874
-0.181196
-0.179496
-0.177772
-0.176026
-0.174256
-0.172463
-0.170647
-0.168808
-0.166944
-0.165057
-0.163146
-0.161211
-0.159251
-0.157268
-0.15526
-0.153227
-0.151169
-0.149087
-0.14698
-0.144847
-0.14269
-0.140507
-0.138298
-0.136064
-0.133803
-0.131517
-0.129205
-0.126867
-0.124502
-0.12211
-0.119692
-0.117248
-0.114776
-0.112277
-0.109751
-0.107198
-0.104617
-0.102008
-0.0993717
-0.0967073
-0.0940149
-0.0912942
-0.0885451
-0.0857674
-0.0829611
-0.080126
-0.0772618
-0.0743686
-0.071446
-0.068494
-0.0655124
-0.0625011
-0.0594599
-0.0563887
-0.0532872
-0.0501555
-0.0469932
-0.0438002
-0.0405765
-0.0373218
-0.0340359
-0.0307188
-0.0273702
-0.0239901
-0.0205782
-0.0171344
-0.0136585
-0.0101504
-0.00660987
-0.00303682
0.000568944
0.00420758
0.00787925
0.0115841
0.0153224
0.0190941
0.0228996
0.0267389
0.0306122
0.0345197
